3 0.9671875 0.66875 0.065625 0.3359375
3 0.9703125 0.75625 0.059375 0.29375
3 0.7484375 0.6359375 0.1 0.371875
3 0.528125 0.3125 0.03125 0.1375
3 0.3484375 0.275 0.01875 0.0453125
3 0.21875 0.734375 0.0578125 0.196875
3 0.121875 0.5625 0.0453125 0.1515625
3 0.1578125 0.3046875 0.015625 0.0609375
3 0.2078125 0.41875 0.0265625 0.0984375
3 0.25625 0.484375 0.04375 0.146875
3 0.259375 0.41875 0.03125 0.121875
3 0.1609375 0.640625 0.0375 0.1734375
3 0.178125 0.65 0.0390625 0.19375
1 0.684375 0.4140625 0.053125 0.096875