3 0.91875 0.6515625 0.1109375 0.36875
3 0.840625 0.584375 0.0875 0.325
1 0.6984375 0.29375 0.015625 0.034375
1 0.3484375 0.49375 0.046875 0.0828125
3 0.3453125 0.2859375 0.0171875 0.034375
3 0.35625 0.403125 0.03125 0.096875
3 0.4203125 0.4734375 0.05 0.178125
3 0.440625 0.1296875 0.0109375 0.028125
3 0.175 0.246875 0.00625 0.025
3 0.178125 0.28125 0.009375 0.046875
3 0.2 0.265625 0.015625 0.04375
3 0.121875 0.2828125 0.009375 0.040625
3 0.13125 0.48125 0.0328125 0.1
3 0.19375 0.38125 0.021875 0.0734375
3 0.1640625 0.3296875 0.009375 0.0484375
3 0.234375 0.390625 0.034375 0.115625
3 0.2625 0.3640625 0.03125 0.103125
3 0.5796875 0.39375 0.03125 0.128125
3 0.865625 0.1875 0.0265625 0.125
3 0.8875 0.1890625 0.025 0.128125