3 0.0703125 0.91875 0.06875 0.1609375
3 0.0125 0.4921875 0.025 0.109375
3 0.046875 0.2453125 0.00625 0.028125
3 0.240625 0.34375 0.034375 0.103125
3 0.2625 0.33125 0.0375 0.0796875
3 0.4234375 0.23125 0.021875 0.11875
3 0.471875 0.2375 0.03125 0.08125
3 0.5859375 0.20625 0.0265625 0.103125
3 0.578125 0.340625 0.021875 0.075
3 0.678125 0.453125 0.0578125 0.25625
3 0.76875 0.315625 0.0203125 0.1
3 0.75 0.2 0.015625 0.065625
3 0.9734375 0.39375 0.0421875 0.15
3 0.8359375 0.3375 0.015625 0.096875
3 0.88125 0.334375 0.0375 0.184375
3 0.9140625 0.3625 0.028125 0.146875
3 0.83125 0.209375 0.01875 0.08125
3 0.8234375 0.2015625 0.0125 0.0921875
3 0.890625 0.215625 0.0125 0.034375