3 0.76875 0.1609375 0.0125 0.0625
3 0.51875 0.15 0.015625 0.059375
3 0.384375 0.14375 0.009375 0.05
3 0.3796875 0.1453125 0.0078125 0.0515625
3 0.35625 0.1453125 0.00625 0.046875
3 0.3515625 0.14375 0.00625 0.05
3 0.340625 0.153125 0.009375 0.05
3 0.33125 0.153125 0.0125 0.046875
3 0.334375 0.1484375 0.009375 0.05
3 0.3140625 0.15 0.009375 0.046875
3 0.153125 0.175 0.015625 0.05
3 0.20625 0.178125 0.009375 0.0390625
3 0.234375 0.175 0.009375 0.034375
3 0.2390625 0.165625 0.009375 0.04375
3 0.25625 0.1671875 0.003125 0.0328125
3 0.2625 0.1640625 0.00625 0.028125
3 0.2828125 0.15625 0.009375 0.0453125
3 0.2984375 0.153125 0.0125 0.05
3 0.271875 0.15625 0.0078125 0.046875
3 0.26875 0.1609375 0.0125 0.04375