3 0.68125 0.1390625 0.0125 0.0546875
3 0.621875 0.1203125 0.009375 0.05
3 0.63125 0.121875 0.009375 0.05
3 0.665625 0.1375 0.009375 0.05625
3 0.5640625 0.1171875 0.00625 0.0453125
3 0.4828125 0.128125 0.00625 0.040625
3 0.4953125 0.1265625 0.009375 0.04375
3 0.5359375 0.125 0.0109375 0.046875
3 0.9609375 0.1875 0.0140625 0.078125
3 0.046875 0.1671875 0.00625 0.040625
3 0.0578125 0.1765625 0.009375 0.0328125
3 0.128125 0.1703125 0.009375 0.05
3 0.134375 0.16875 0.00625 0.053125
3 0.153125 0.1671875 0.009375 0.053125
3 0.16875 0.159375 0.009375 0.046875
3 0.19375 0.3328125 0.0234375 0.1375