3 0.896875 0.2859375 0.021875 0.128125
3 0.86875 0.0984375 0.009375 0.059375
3 0.9109375 0.0890625 0.0109375 0.034375
3 0.340625 0.1125 0.0078125 0.059375
3 0.3015625 0.121875 0.009375 0.0625
3 0.2421875 0.0828125 0.009375 0.05
3 0.2015625 0.0828125 0.0078125 0.040625
3 0.203125 0.078125 0.00625 0.04375
3 0.18125 0.0828125 0.009375 0.04375
3 0.1875 0.08125 0.00625 0.046875
3 0.1890625 0.128125 0.0125 0.040625
3 0.18125 0.1375 0.009375 0.01875
3 0.3390625 0.034375 0.00625 0.01875
3 0.35625 0.0109375 0.00625 0.021875
3 0.3609375 0.0109375 0.00625 0.021875