3 0.9671875 0.5671875 0.015625 0.025
3 0.96875 0.5625 0.0140625 0.0359375
1 0.7953125 0.528125 0.01875 0.0265625
3 0.790625 0.46875 0.021875 0.090625
3 0.803125 0.4765625 0.015625 0.09375
3 0.70625 0.4625 0.0265625 0.0734375
3 0.1859375 0.1828125 0.009375 0.0375
3 0.225 0.18125 0.009375 0.04375
3 0.1171875 0.1328125 0.00625 0.03125
3 0.1125 0.1359375 0.00625 0.03125
3 0.125 0.134375 0.00625 0.0265625
3 0.234375 0.1484375 0.00625 0.040625
3 0.1671875 0.1390625 0.009375 0.025
3 0.7828125 0.1265625 0.00625 0.034375
3 0.565625 0.065625 0.00625 0.021875
3 0.578125 0.06875 0.00625 0.025
3 0.4421875 0.0796875 0.00625 0.028125
3 0.3875 0.1015625 0.00625 0.03125
3 0.4140625 0.1 0.0078125 0.03125
3 0.415625 0.090625 0.00625 0.0296875
3 0.34375 0.0671875 0.00625 0.028125
3 0.346875 0.065625 0.00625 0.025