3 0.1625 0.1640625 0.0078125 0.040625
3 0.1890625 0.1765625 0.0078125 0.0296875
3 0.196875 0.1671875 0.009375 0.0375
3 0.2171875 0.2046875 0.009375 0.0359375
3 0.2265625 0.1828125 0.009375 0.0453125
3 0.221875 0.19375 0.0078125 0.0375
3 0.4140625 0.3046875 0.01875 0.06875
3 0.3625 0.24375 0.0125 0.05625
3 0.35 0.203125 0.009375 0.046875
3 0.3625 0.1875 0.009375 0.03125
3 0.3609375 0.2125 0.009375 0.03125
3 0.375 0.2359375 0.015625 0.059375
3 0.440625 0.1796875 0.0109375 0.0484375
3 0.5 0.08125 0.00625 0.028125
3 0.5375 0.06875 0.00625 0.025
3 0.553125 0.06875 0.00625 0.028125