3 0.175 0.1796875 0.0078125 0.04375
3 0.1828125 0.175 0.00625 0.028125
3 0.1875 0.1875 0.0078125 0.04375
3 0.2015625 0.1890625 0.009375 0.04375
3 0.2125 0.165625 0.00625 0.04375
3 0.346875 0.2984375 0.0125 0.053125
3 0.3640625 0.2625 0.009375 0.0625
3 0.3890625 0.2671875 0.0125 0.0375
3 0.403125 0.259375 0.0125 0.0625
3 0.4140625 0.259375 0.0109375 0.0625
3 0.4515625 0.2609375 0.0125 0.06875
3 0.4765625 0.084375 0.0078125 0.028125
3 0.4609375 0.0796875 0.00625 0.03125
3 0.328125 0.11875 0.009375 0.03125