3 0.79375 0.484375 0.0234375 0.096875
3 0.9578125 0.346875 0.0171875 0.053125
3 0.3953125 0.3265625 0.0125 0.06875
3 0.390625 0.3328125 0.0078125 0.0453125
3 0.15 0.4609375 0.0203125 0.0890625
3 0.0578125 0.5421875 0.025 0.10625
3 0.4609375 0.4765625 0.025 0.121875
3 0.403125 0.246875 0.015625 0.0625
3 0.1921875 0.159375 0.0078125 0.0390625
3 0.1125 0.1296875 0.00625 0.028125
3 0.2015625 0.153125 0.00625 0.0375
3 0.20625 0.1515625 0.0078125 0.0390625
3 0.215625 0.1484375 0.0078125 0.040625
3 0.7671875 0.1265625 0.00625 0.028125
3 0.55625 0.065625 0.00625 0.028125