3 0.9390625 0.5625 0.01875 0.065625
3 0.75 0.446875 0.021875 0.0921875
3 0.728125 0.440625 0.01875 0.0953125
3 0.55625 0.35 0.0171875 0.0765625
3 0.4390625 0.3546875 0.0171875 0.078125
3 0.434375 0.296875 0.015625 0.0609375
3 0.371875 0.25625 0.009375 0.05625
3 0.3796875 0.2515625 0.009375 0.0578125
3 0.384375 0.2625 0.0125 0.046875
3 0.3953125 0.265625 0.0125 0.065625
3 0.1875 0.16875 0.0125 0.0375
3 0.2125 0.18125 0.0078125 0.0390625
3 0.221875 0.18125 0.0109375 0.04375
3 0.4265625 0.090625 0.00625 0.03125
3 0.440625 0.0828125 0.00625 0.0296875
3 0.45 0.084375 0.00625 0.03125