3 0.040625 0.321875 0.0078125 0.0296875
3 0.0453125 0.31875 0.0078125 0.0375
3 0.0265625 0.328125 0.00625 0.03125
3 0.3078125 0.2125 0.0125 0.046875
3 0.93125 0.1625 0.00625 0.03125
3 0.878125 0.165625 0.0125 0.03125
3 0.9390625 0.1640625 0.00625 0.03125
3 0.8921875 0.1984375 0.0125 0.059375
3 0.925 0.20625 0.009375 0.0625
3 0.934375 0.2078125 0.0109375 0.0453125
3 0.9359375 0.146875 0.00625 0.021875
3 0.94375 0.1484375 0.00625 0.021875
3 0.8875 0.2484375 0.015625 0.08125
3 0.875 0.30625 0.01875 0.1046875
3 0.7515625 0.2671875 0.01875 0.1015625
3 0.6546875 0.325 0.034375 0.0921875
3 0.640625 0.334375 0.0375 0.09375
3 0.590625 0.490625 0.0421875 0.178125
3 0.9265625 0.3515625 0.01875 0.1125
3 0.9375 0.35 0.015625 0.109375
3 0.8078125 0.75 0.0625 0.234375