3 0.728125 0.4984375 0.03125 0.10625
3 0.6375 0.334375 0.025 0.09375
3 0.6515625 0.325 0.028125 0.0890625
3 0.690625 0.33125 0.025 0.134375
3 0.7203125 0.3671875 0.025 0.0609375
3 0.7 0.284375 0.015625 0.0609375
3 0.73125 0.3265625 0.0234375 0.1265625
3 0.803125 0.29375 0.0125 0.06875
3 0.875 0.253125 0.015625 0.08125
3 0.8015625 0.2171875 0.021875 0.05
3 0.85625 0.1796875 0.015625 0.0296875
3 0.8765625 0.2 0.0125 0.0453125
3 0.890625 0.2078125 0.009375 0.05625
3 0.90625 0.15625 0.009375 0.0375
3 0.9234375 0.15625 0.00625 0.034375
3 0.94375 0.159375 0.00625 0.03125
3 0.9390625 0.159375 0.0046875 0.025
3 0.8765625 0.165625 0.009375 0.0234375
3 0.275 0.290625 0.0140625 0.034375