3 0.0796875 0.29375 0.00625 0.025
3 0.2125 0.253125 0.0125 0.059375
3 0.871875 0.35625 0.01875 0.115625
3 0.89375 0.3609375 0.025 0.1171875
3 0.859375 0.2546875 0.0171875 0.08125
3 0.8890625 0.2625 0.015625 0.078125
3 0.940625 0.2421875 0.0109375 0.06875
3 0.8875 0.19375 0.0125 0.05625
3 0.903125 0.1984375 0.0125 0.053125
3 0.94375 0.171875 0.00625 0.03125
3 0.9328125 0.1625 0.00625 0.0328125
3 0.91875 0.165625 0.00625 0.0375
3 0.9 0.159375 0.00625 0.034375
3 0.903125 0.16875 0.009375 0.028125
3 0.9109375 0.1796875 0.009375 0.0390625