3 0.8328125 0.2484375 0.0140625 0.065625
3 0.8484375 0.259375 0.0125 0.0640625
3 0.90625 0.203125 0.0078125 0.0375
3 0.875 0.2078125 0.009375 0.040625
3 0.88125 0.209375 0.0078125 0.0421875
3 0.884375 0.209375 0.00625 0.046875
3 0.890625 0.2125 0.0078125 0.046875
3 0.896875 0.215625 0.009375 0.04375
3 0.8984375 0.19375 0.00625 0.021875
3 0.775 0.1546875 0.0125 0.0359375
3 0.5140625 0.1671875 0.015625 0.065625
3 0.3765625 0.1125 0.00625 0.028125
3 0.2453125 0.228125 0.0125 0.025
3 0.25 0.253125 0.0125 0.05