3 0.321875 0.25 0.0125 0.028125
3 0.3453125 0.25 0.015625 0.065625
3 0.3875 0.115625 0.009375 0.0265625
3 0.565625 0.140625 0.00625 0.01875
3 0.571875 0.140625 0.009375 0.015625
3 0.7125 0.2296875 0.009375 0.05625
3 0.7671875 0.153125 0.009375 0.040625
3 0.81875 0.18125 0.00625 0.0375
3 0.803125 0.2 0.00625 0.0421875
3 0.7953125 0.2390625 0.015625 0.06875
3 0.85 0.259375 0.0109375 0.0625
3 0.9234375 0.26875 0.015625 0.046875
3 0.9421875 0.3078125 0.009375 0.0625
3 0.9765625 0.321875 0.009375 0.0578125