3 0.109375 0.384375 0.015625 0.084375
3 0.13125 0.253125 0.0078125 0.05625
3 0.190625 0.196875 0.00625 0.040625
3 0.196875 0.2046875 0.0078125 0.0265625
3 0.2125 0.2 0.0125 0.028125
3 0.3640625 0.1609375 0.00625 0.040625
3 0.3703125 0.1671875 0.009375 0.01875
3 0.378125 0.109375 0.00625 0.028125
3 0.3890625 0.1515625 0.00625 0.0375
3 0.528125 0.171875 0.0125 0.05625
3 0.6140625 0.1984375 0.009375 0.04375
3 0.7609375 0.3078125 0.015625 0.0875
3 0.8953125 0.38125 0.028125 0.0875
3 0.9203125 0.378125 0.01875 0.1015625
3 0.890625 0.2078125 0.0078125 0.046875