3 0.2109375 0.2296875 0.0125 0.0421875
3 0.24375 0.2046875 0.0125 0.0546875
3 0.340625 0.18125 0.009375 0.040625
3 0.3484375 0.159375 0.00625 0.0375
3 0.6921875 0.221875 0.015625 0.0625
3 0.790625 0.15625 0.0109375 0.040625
3 0.7703125 0.1625 0.00625 0.028125
3 0.759375 0.1578125 0.00625 0.025
3 0.528125 0.165625 0.009375 0.053125
3 0.4578125 0.128125 0.0078125 0.040625
3 0.421875 0.109375 0.0078125 0.0328125
3 0.3734375 0.109375 0.0046875 0.0171875
3 0.35625 0.1078125 0.003125 0.01875
3 0.396875 0.0984375 0.00625 0.025
3 0.3921875 0.1046875 0.00625 0.025