3 0.7921875 0.234375 0.0125 0.0375
3 0.99375 0.375 0.0125 0.071875
3 0.878125 0.2078125 0.00625 0.046875
3 0.8828125 0.209375 0.0078125 0.046875
3 0.890625 0.215625 0.00625 0.046875
3 0.896875 0.21875 0.00625 0.046875
3 0.909375 0.2078125 0.00625 0.040625
3 0.9140625 0.209375 0.00625 0.040625
3 0.6359375 0.24375 0.015625 0.075
3 0.64375 0.2484375 0.01875 0.0796875
3 0.525 0.1640625 0.0109375 0.0546875
3 0.353125 0.140625 0.00625 0.040625
3 0.2765625 0.1640625 0.00625 0.0375
3 0.2984375 0.1640625 0.0046875 0.021875
3 0.234375 0.23125 0.009375 0.0515625
3 0.19375 0.25625 0.0125 0.05625
3 0.2390625 0.2234375 0.00625 0.021875
3 0.2453125 0.228125 0.0125 0.0265625
3 0.309375 0.2421875 0.0125 0.065625
3 0.328125 0.228125 0.015625 0.0671875
3 0.3546875 0.225 0.0078125 0.059375
3 0.3625 0.2265625 0.009375 0.0625
3 0.05 0.290625 0.00625 0.0375
3 0.08125 0.275 0.009375 0.04375
3 0.0875 0.2671875 0.009375 0.0453125