3 0.46875 0.18125 0.0125 0.05625
3 0.528125 0.1328125 0.00625 0.040625
3 0.5359375 0.134375 0.009375 0.04375
3 0.553125 0.140625 0.009375 0.0203125
3 0.5625 0.14375 0.0125 0.021875
3 0.540625 0.175 0.0109375 0.0453125
3 0.9578125 0.2953125 0.0203125 0.0234375
3 0.95625 0.28125 0.009375 0.05
3 0.9484375 0.271875 0.0109375 0.0546875
3 0.909375 0.2578125 0.00625 0.046875
3 0.9171875 0.2671875 0.0078125 0.046875
3 0.853125 0.246875 0.009375 0.053125
3 0.81875 0.259375 0.0109375 0.0578125
3 0.73125 0.2265625 0.0140625 0.053125
3 0.65 0.125 0.009375 0.034375
3 0.9890625 0.525 0.021875 0.10625