3 0.990625 0.5546875 0.01875 0.0796875
3 0.84375 0.2640625 0.009375 0.05625
3 0.853125 0.2453125 0.009375 0.0453125
3 0.9453125 0.28125 0.0078125 0.05
3 0.953125 0.2703125 0.009375 0.046875
3 0.996875 0.3015625 0.00625 0.046875
3 0.9625 0.265625 0.009375 0.04375
3 0.965625 0.2890625 0.0109375 0.0484375
3 0.971875 0.2875 0.009375 0.05
3 0.478125 0.1765625 0.009375 0.0578125
3 0.5609375 0.175 0.009375 0.046875
3 0.55 0.1078125 0.00625 0.03125
3 0.540625 0.134375 0.0109375 0.0421875
3 0.553125 0.140625 0.009375 0.021875
3 0.5625 0.1421875 0.009375 0.025