1 0.8140625 0.140625 0.009375 0.0265625
3 0.83125 0.1265625 0.0140625 0.065625
3 0.8640625 0.115625 0.009375 0.05
3 0.628125 0.053125 0.00625 0.05
3 0.459375 0.021875 0.0109375 0.028125
3 0.334375 0.053125 0.00625 0.034375
3 0.340625 0.1203125 0.01875 0.034375
3 0.3578125 0.0984375 0.0125 0.04375
3 0.378125 0.10625 0.009375 0.0375
3 0.140625 0.525 0.04375 0.1296875
3 0.14375 0.48125 0.05 0.13125
3 0.215625 0.5546875 0.05625 0.2
3 0.36875 0.2890625 0.01875 0.103125
3 0.43125 0.234375 0.01875 0.09375
3 0.325 0.178125 0.0125 0.05625
3 0.3890625 0.1703125 0.01875 0.059375
3 0.48125 0.215625 0.01875 0.04375
3 0.496875 0.1953125 0.0203125 0.096875
3 0.528125 0.1625 0.0125 0.0609375
3 0.5453125 0.21875 0.0203125 0.0875
3 0.659375 0.159375 0.01875 0.078125
3 0.671875 0.1921875 0.01875 0.05
3 0.653125 0.4640625 0.0375 0.0640625
3 0.665625 0.4125 0.0265625 0.140625
3 0.878125 0.3390625 0.01875 0.1265625
3 0.884375 0.359375 0.0109375 0.0625
3 0.9046875 0.328125 0.01875 0.10625
3 0.9734375 0.1375 0.0109375 0.034375