3 0.2171875 0.478125 0.03125 0.0765625
3 0.23125 0.48125 0.0375 0.178125
3 0.09375 0.1546875 0.009375 0.0484375
3 0.403125 0.3375 0.034375 0.14375
3 0.36875 0.16875 0.0296875 0.053125
3 0.371875 0.1640625 0.025 0.05
3 0.378125 0.1578125 0.028125 0.04375
3 0.34375 0.121875 0.0140625 0.034375
3 0.2375 0.053125 0.0078125 0.01875
3 0.24375 0.053125 0.009375 0.015625
3 0.4984375 0.165625 0.0140625 0.08125
3 0.5203125 0.275 0.034375 0.134375
3 0.68125 0.459375 0.05625 0.1125
3 0.6828125 0.425 0.053125 0.084375
3 0.73125 0.4625 0.028125 0.1875
3 0.7140625 0.4375 0.0390625 0.046875
3 0.784375 0.2984375 0.0171875 0.090625
3 0.678125 0.19375 0.0265625 0.046875
3 0.653125 0.1921875 0.0140625 0.053125
3 0.590625 0.090625 0.009375 0.065625
3 0.628125 0.040625 0.0125 0.05
3 0.45625 0.0265625 0.009375 0.040625
3 0.459375 0.0296875 0.00625 0.0328125
3 0.471875 0.0171875 0.00625 0.034375
3 0.478125 0.03125 0.00625 0.034375
3 0.4625 0.0359375 0.009375 0.0234375
3 0.7984375 0.103125 0.0109375 0.0484375