3 0.325 0.5640625 0.04375 0.0859375
3 0.5578125 0.21875 0.015625 0.065625
3 0.1359375 0.55 0.0359375 0.1671875
3 0.0609375 0.4921875 0.04375 0.0875
3 0.0796875 0.484375 0.04375 0.084375
3 0.16875 0.33125 0.0234375 0.11875
3 0.246875 0.390625 0.034375 0.146875
3 0.215625 0.49375 0.025 0.09375
3 0.3078125 0.3234375 0.021875 0.0875
3 0.275 0.29375 0.021875 0.0390625
3 0.309375 0.225 0.0140625 0.0453125
3 0.321875 0.2046875 0.0171875 0.0875
3 0.41875 0.26875 0.03125 0.125
3 0.475 0.0375 0.00625 0.028125
3 0.490625 0.034375 0.009375 0.046875
3 0.296875 0.0375 0.00625 0.034375
3 0.353125 0.18125 0.0125 0.0390625
3 0.3703125 0.1625 0.0125 0.08125
3 0.3875 0.140625 0.0140625 0.046875
3 0.3921875 0.1796875 0.015625 0.046875
3 0.4125 0.175 0.0140625 0.053125
3 0.4234375 0.16875 0.009375 0.040625
3 0.465625 0.2265625 0.0125 0.05625
3 0.459375 0.178125 0.015625 0.0828125
3 0.5328125 0.1875 0.015625 0.1109375
3 0.5046875 0.15625 0.015625 0.0875
3 0.540625 0.146875 0.0171875 0.084375
3 0.615625 0.05625 0.009375 0.0484375
3 0.6109375 0.15 0.015625 0.075
3 0.6375 0.2296875 0.0125 0.0875
3 0.665625 0.1765625 0.0203125 0.08125
3 0.7609375 0.2859375 0.0140625 0.075
3 0.740625 0.275 0.0125 0.075
3 0.7765625 0.2390625 0.025 0.0828125
3 0.66875 0.1625 0.015625 0.090625
3 0.671875 0.4859375 0.0421875 0.08125
3 0.596875 0.5046875 0.028125 0.20625