3 0.925 0.3859375 0.025 0.078125
3 0.88125 0.346875 0.0296875 0.1125
3 0.9 0.3625 0.015625 0.04375
3 0.7765625 0.359375 0.0265625 0.13125
3 0.9734375 0.1375 0.0109375 0.0359375
3 0.9875 0.109375 0.00625 0.0359375
3 0.8640625 0.115625 0.009375 0.05625
3 0.7046875 0.06875 0.00625 0.053125
3 0.6265625 0.053125 0.0078125 0.05
3 0.4578125 0.0203125 0.0109375 0.028125
3 0.390625 0.05 0.0078125 0.0390625
3 0.5265625 0.128125 0.021875 0.08125
3 0.54375 0.1578125 0.0171875 0.05
3 0.578125 0.13125 0.009375 0.034375
3 0.659375 0.159375 0.0171875 0.078125
3 0.675 0.1796875 0.021875 0.065625
3 0.690625 0.19375 0.015625 0.0578125
3 0.5953125 0.253125 0.009375 0.1
3 0.546875 0.21875 0.01875 0.0875
3 0.478125 0.175 0.01875 0.0765625
3 0.4109375 0.15625 0.015625 0.040625
3 0.3796875 0.103125 0.0109375 0.0359375
3 0.35625 0.096875 0.0125 0.040625
3 0.340625 0.125 0.01875 0.0390625
3 0.4828125 0.2171875 0.0125 0.0609375
3 0.4953125 0.196875 0.021875 0.0984375
3 0.5078125 0.196875 0.009375 0.0546875
3 0.64375 0.4875 0.0296875 0.065625
3 0.290625 0.49375 0.040625 0.1921875