3 0.475 0.875 0.053125 0.209375
3 0.4 0.88125 0.059375 0.221875
3 0.15 0.828125 0.040625 0.071875
3 0.115625 0.8 0.05625 0.06875
3 0.1078125 0.565625 0.0296875 0.053125
3 0.090625 0.546875 0.028125 0.1296875
3 0.0171875 0.53125 0.01875 0.06875
3 0.009375 0.5625 0.01875 0.046875
3 0.184375 0.4890625 0.025 0.0890625
3 0.45 0.25625 0.015625 0.078125
3 0.471875 0.265625 0.01875 0.05625
3 0.4859375 0.3265625 0.025 0.128125
3 0.54375 0.3328125 0.021875 0.1140625
3 0.5890625 0.3140625 0.021875 0.1203125
3 0.865625 0.296875 0.0125 0.06875
3 0.890625 0.296875 0.01875 0.084375
3 0.4609375 0.41875 0.034375 0.103125
3 0.403125 0.4453125 0.03125 0.090625
3 0.3765625 0.4828125 0.025 0.06875
3 0.9828125 0.6515625 0.034375 0.134375