3 0.0796875 0.4828125 0.040625 0.0671875
3 0.1984375 0.475 0.04375 0.1671875
3 0.203125 0.4328125 0.0375 0.128125
3 0.2453125 0.409375 0.034375 0.1546875
3 0.2765625 0.446875 0.0390625 0.10625
3 0.234375 0.565625 0.03125 0.1625
3 0.0921875 0.1546875 0.0125 0.04375
3 0.3421875 0.1203125 0.015625 0.034375
3 0.3671875 0.16875 0.028125 0.053125
3 0.371875 0.1640625 0.025 0.0484375
3 0.378125 0.15625 0.028125 0.046875
3 0.4546875 0.021875 0.009375 0.0265625
3 0.471875 0.0171875 0.00625 0.034375
3 0.490625 0.0296875 0.00625 0.0421875
3 0.49375 0.025 0.00625 0.0375
3 0.58125 0.090625 0.015625 0.0625
3 0.5953125 0.03125 0.009375 0.03125
3 0.759375 0.140625 0.009375 0.046875
3 0.65625 0.171875 0.015625 0.040625
3 0.6671875 0.175 0.0140625 0.0765625
3 0.7296875 0.4625 0.028125 0.190625
3 0.6171875 0.4234375 0.03125 0.1
3 0.615625 0.45625 0.05 0.1078125