3 0.471875 0.1078125 0.015625 0.04375
3 0.6265625 0.946875 0.071875 0.10625
3 0.784375 0.95 0.0671875 0.0984375
3 0.8 0.93125 0.071875 0.1328125
3 0.696875 0.765625 0.06875 0.278125
3 0.95 0.653125 0.0609375 0.265625
3 0.909375 0.6 0.059375 0.2375
3 0.734375 0.571875 0.0609375 0.31875
3 0.66875 0.4765625 0.053125 0.2625
3 0.74375 0.3984375 0.04375 0.1234375
3 0.65625 0.24375 0.0296875 0.125
3 0.6375 0.221875 0.025 0.13125
3 0.63125 0.090625 0.0125 0.0734375
3 0.6421875 0.0875 0.0125 0.06875
3 0.653125 0.0796875 0.015625 0.04375
3 0.665625 0.0796875 0.0125 0.0453125
3 0.653125 0.14375 0.01875 0.084375