3 0.6 0.9078125 0.015625 0.096875
3 0.63125 0.859375 0.021875 0.0546875
3 0.2265625 0.9140625 0.046875 0.05625
3 0.2546875 0.490625 0.01875 0.0796875
3 0.3390625 0.5 0.015625 0.04375
3 0.3203125 0.4640625 0.0171875 0.0625
3 0.428125 0.43125 0.015625 0.0609375
3 0.3828125 0.29375 0.0171875 0.05625
3 0.5203125 0.096875 0.01875 0.06875
3 0.634375 0.20625 0.0140625 0.04375
3 0.64375 0.3375 0.0125 0.065625
3 0.63125 0.3375 0.009375 0.0625
3 0.5859375 0.353125 0.0125 0.065625
3 0.653125 0.3203125 0.015625 0.0390625
3 0.7203125 0.271875 0.0171875 0.078125
3 0.7140625 0.60625 0.0171875 0.0828125
3 0.6625 0.571875 0.01875 0.0375
3 0.6640625 0.534375 0.0140625 0.034375
3 0.8359375 0.3078125 0.0125 0.040625
3 0.834375 0.25625 0.0140625 0.059375