3 0.2875 0.8359375 0.03125 0.04375
3 0.284375 0.85 0.025 0.06875
3 0.309375 0.8796875 0.0359375 0.08125
3 0.340625 0.84375 0.0265625 0.078125
3 0.35625 0.7828125 0.0140625 0.059375
3 0.3546875 0.740625 0.025 0.05
3 0.3 0.5234375 0.0234375 0.08125
3 0.1875 0.09375 0.015625 0.0625
3 0.346875 0.265625 0.025 0.05625
3 0.396875 0.1671875 0.015625 0.05625
3 0.428125 0.190625 0.015625 0.0359375
3 0.5015625 0.1671875 0.0125 0.046875
3 0.425 0.421875 0.015625 0.0765625
3 0.534375 0.346875 0.0140625 0.075
3 0.55 0.353125 0.0109375 0.04375
3 0.7296875 0.6859375 0.0328125 0.053125
3 0.6578125 0.58125 0.015625 0.0328125
3 0.7203125 0.171875 0.0265625 0.0328125
3 0.940625 0.01875 0.0109375 0.0375