3 0.6234375 0.853125 0.0171875 0.0484375
3 0.45 0.746875 0.0296875 0.040625
3 0.228125 0.890625 0.0375 0.065625
3 0.253125 0.85 0.01875 0.075
3 0.290625 0.5875 0.03125 0.0640625
3 0.2984375 0.503125 0.025 0.0796875
3 0.2875 0.4828125 0.0125 0.075
3 0.2265625 0.45625 0.0265625 0.06875
3 0.3140625 0.4203125 0.0171875 0.0625
3 0.353125 0.325 0.0125 0.040625
3 0.34375 0.265625 0.025 0.040625
3 0.346875 0.50625 0.0171875 0.08125
3 0.6390625 0.6234375 0.01875 0.0421875
3 0.6375 0.59375 0.0125 0.0375
3 0.66875 0.578125 0.01875 0.0421875
3 0.671875 0.615625 0.015625 0.0375
3 0.7234375 0.165625 0.025 0.05625
3 0.59375 0.3828125 0.01875 0.0640625
3 0.54375 0.41875 0.01875 0.065625
3 0.49375 0.4296875 0.01875 0.071875
3 0.4296875 0.140625 0.01875 0.0625
3 0.6 0.121875 0.0140625 0.065625
3 0.61875 0.1265625 0.0125 0.0609375
3 0.621875 0.2546875 0.01875 0.065625