3 0.2296875 0.9 0.03125 0.06875
3 0.23125 0.8796875 0.0390625 0.0671875
3 0.284375 0.584375 0.0375 0.065625
3 0.3421875 0.284375 0.0296875 0.053125
3 0.4359375 0.071875 0.015625 0.0625
3 0.496875 0.1453125 0.0140625 0.0359375
3 0.5015625 0.178125 0.015625 0.053125
3 0.528125 0.18125 0.0125 0.0640625
3 0.565625 0.86875 0.021875 0.084375
3 0.6703125 0.5890625 0.025 0.053125
3 0.765625 0.371875 0.0125 0.0296875
3 0.79375 0.378125 0.0140625 0.065625
3 0.8046875 0.409375 0.0125 0.0453125
3 0.815625 0.41875 0.0171875 0.059375
3 0.78125 0.4234375 0.015625 0.034375
3 0.73125 0.2296875 0.0125 0.0703125
3 0.7203125 0.171875 0.0125 0.0640625
3 0.7296875 0.1625 0.0109375 0.05625
3 0.84375 0.015625 0.01875 0.03125