3 0.09375 0.15625 0.0046875 0.025
3 0.096875 0.1578125 0.0046875 0.0234375
3 0.1125 0.15 0.00625 0.015625
3 0.1140625 0.1703125 0.00625 0.0265625
3 0.1203125 0.165625 0.00625 0.034375
3 0.2375 0.2109375 0.0140625 0.0578125
3 0.25 0.2046875 0.0140625 0.0546875
3 0.259375 0.2015625 0.0140625 0.0546875
3 0.30625 0.209375 0.01875 0.040625
3 0.434375 0.0796875 0.009375 0.034375
3 0.571875 0.16875 0.0140625 0.046875
3 0.5859375 0.1609375 0.0125 0.075
3 0.58125 0.04375 0.0046875 0.01875
3 0.565625 0.05625 0.0078125 0.01875
3 0.596875 0.0421875 0.00625 0.021875
3 0.559375 0.3234375 0.0296875 0.13125
3 0.578125 0.34375 0.01875 0.084375
3 0.76875 0.234375 0.021875 0.090625