3 0.196875 0.8453125 0.06875 0.284375
3 0.25625 0.8859375 0.059375 0.19375
3 0.0953125 0.1578125 0.00625 0.021875
3 0.1 0.15625 0.0046875 0.021875
3 0.1078125 0.1671875 0.00625 0.034375
3 0.115625 0.165625 0.00625 0.028125
3 0.3859375 0.0875 0.009375 0.025
3 0.4265625 0.18125 0.015625 0.06875
3 0.5359375 0.190625 0.021875 0.0828125
3 0.5734375 0.171875 0.0140625 0.059375
3 0.5828125 0.15625 0.015625 0.065625
3 0.65625 0.16875 0.0125 0.071875
3 0.571875 0.053125 0.00625 0.025
3 0.83125 0.221875 0.0140625 0.03125
3 0.8578125 0.24375 0.0203125 0.08125