3 0.21875 0.725 0.053125 0.221875
3 0.265625 0.675 0.03125 0.228125
3 0.303125 0.46875 0.01875 0.084375
3 0.490625 0.50625 0.0375 0.0703125
3 0.5109375 0.484375 0.0296875 0.046875
3 0.690625 0.3875 0.0125 0.103125
3 0.703125 0.4 0.01875 0.0921875
3 0.8375 0.3984375 0.0171875 0.1046875
3 0.94375 0.2921875 0.0140625 0.05
3 0.9546875 0.31875 0.0125 0.071875
3 0.975 0.31875 0.0125 0.071875
3 0.9859375 0.346875 0.0109375 0.0375
3 0.9953125 0.3421875 0.009375 0.028125
3 0.984375 0.3359375 0.0109375 0.0390625