3 0.746875 0.278125 0.0125 0.03125
3 0.703125 0.29375 0.015625 0.10625
3 0.7203125 0.1375 0.0203125 0.040625
3 0.6546875 0.0828125 0.0109375 0.028125
3 0.6546875 0.1078125 0.0078125 0.021875
3 0.6125 0.096875 0.0125 0.034375
3 0.6 0.0984375 0.0125 0.05625
3 0.45 0.059375 0.009375 0.01875
3 0.428125 0.09375 0.009375 0.053125
3 0.384375 0.0234375 0.009375 0.034375
3 0.30625 0.1015625 0.0234375 0.05
3 0.296875 0.1171875 0.0234375 0.046875
3 0.19375 0.2765625 0.028125 0.075
3 0.215625 0.2765625 0.01875 0.1078125
3 0.3140625 0.29375 0.015625 0.1125
3 0.328125 0.303125 0.021875 0.115625
3 0.340625 0.284375 0.0171875 0.115625