3 0.15 0.7625 0.0421875 0.209375
3 0.23125 0.44375 0.01875 0.1234375
3 0.171875 0.3109375 0.0375 0.078125
3 0.2125 0.275 0.01875 0.0375
3 0.134375 0.03125 0.00625 0.046875
3 0.140625 0.03125 0.009375 0.0484375
3 0.1625 0.01875 0.00625 0.0375
3 0.1890625 0.015625 0.009375 0.03125
3 0.50625 0.475 0.021875 0.084375
3 0.546875 0.475 0.025 0.0875
3 0.2953125 0.1203125 0.0234375 0.05
3 0.3171875 0.1046875 0.0109375 0.05625
3 0.3046875 0.1 0.0140625 0.034375
3 0.34375 0.10625 0.009375 0.040625
3 0.353125 0.103125 0.0125 0.04375
3 0.375 0.040625 0.0078125 0.034375
3 0.396875 0.040625 0.00625 0.034375
3 0.409375 0.084375 0.009375 0.05
3 0.41875 0.084375 0.009375 0.0390625
3 0.4328125 0.121875 0.009375 0.0546875
3 0.4578125 0.140625 0.0109375 0.0484375
3 0.4109375 0.053125 0.0109375 0.03125
3 0.5 0.1625 0.0125 0.0546875
3 0.521875 0.190625 0.0171875 0.05
3 0.521875 0.06875 0.00625 0.028125
3 0.528125 0.065625 0.009375 0.046875
3 0.5375 0.06875 0.009375 0.046875
3 0.5796875 0.09375 0.0140625 0.05625
3 0.6046875 0.075 0.009375 0.046875
3 0.615625 0.0671875 0.0125 0.05625
3 0.64375 0.265625 0.015625 0.034375
3 0.671875 0.2671875 0.0171875 0.0625
3 0.659375 0.0875 0.015625 0.0375
3 0.65625 0.134375 0.015625 0.05625
3 0.66875 0.16875 0.0140625 0.06875
3 0.678125 0.18125 0.021875 0.059375
3 0.721875 0.140625 0.021875 0.0390625
3 0.6625 0.2609375 0.0140625 0.05625
3 0.659375 0.240625 0.009375 0.0375
3 0.7515625 0.2703125 0.0125 0.04375
3 0.7859375 0.2375 0.021875 0.0609375