3 0.109375 0.6875 0.0328125 0.175
3 0.1921875 0.315625 0.021875 0.0984375
3 0.29375 0.11875 0.0171875 0.0515625
3 0.38125 0.0359375 0.009375 0.040625
3 0.3921875 0.028125 0.015625 0.040625
3 0.4359375 0.0390625 0.0109375 0.034375
3 0.421875 0.0625 0.0125 0.053125
3 0.428125 0.1078125 0.0140625 0.01875
3 0.7796875 0.2484375 0.021875 0.09375
3 0.571875 0.0984375 0.0109375 0.0546875
3 0.603125 0.1046875 0.009375 0.040625
3 0.609375 0.103125 0.009375 0.040625
3 0.615625 0.1 0.009375 0.059375
3 0.7453125 0.0921875 0.009375 0.04375
3 0.659375 0.0875 0.015625 0.025
3 0.725 0.14375 0.015625 0.0375
3 0.728125 0.146875 0.015625 0.0375