3 0.0359375 0.04375 0.0125 0.05625
3 0.1671875 0.01875 0.009375 0.0375
3 0.2 0.278125 0.028125 0.075
3 0.203125 0.275 0.0125 0.06875
3 0.265625 0.2921875 0.025 0.1171875
3 0.2796875 0.3125 0.01875 0.090625
3 0.359375 0.10625 0.0125 0.05625
3 0.43125 0.1625 0.0140625 0.084375
3 0.425 0.075 0.0125 0.028125
3 0.521875 0.278125 0.015625 0.071875
3 0.525 0.31875 0.015625 0.059375
3 0.5421875 0.3 0.0203125 0.040625
3 0.3828125 0.4328125 0.028125 0.04375
3 0.415625 0.4375 0.028125 0.040625
3 0.553125 0.45 0.028125 0.04375
3 0.684375 0.45625 0.01875 0.0484375
3 0.721875 0.140625 0.01875 0.040625