3 0.2 0.271875 0.034375 0.0765625
3 0.13125 0.0328125 0.0109375 0.046875
3 0.3703125 0.0640625 0.0078125 0.046875
3 0.3765625 0.0640625 0.0078125 0.05
3 0.384375 0.434375 0.0265625 0.046875
3 0.41875 0.440625 0.03125 0.04375
3 0.525 0.321875 0.0125 0.0515625
3 0.534375 0.315625 0.0109375 0.0453125
3 0.5453125 0.3109375 0.0171875 0.0375
3 0.590625 0.328125 0.021875 0.115625
3 0.61875 0.153125 0.021875 0.0765625
3 0.628125 0.10625 0.009375 0.05625
3 0.7203125 0.140625 0.021875 0.0359375
3 0.88125 0.1625 0.0109375 0.059375
3 0.803125 0.240625 0.015625 0.034375