3 0.2921875 0.3625 0.0125 0.059375
3 0.321875 0.375 0.0140625 0.046875
3 0.353125 0.3859375 0.0125 0.0765625
3 0.3546875 0.340625 0.0125 0.046875
3 0.39375 0.346875 0.015625 0.06875
3 0.4703125 0.2546875 0.009375 0.028125
3 0.478125 0.2546875 0.009375 0.0328125
3 0.496875 0.2484375 0.00625 0.025
3 0.7203125 0.334375 0.0125 0.06875
3 0.775 0.375 0.0171875 0.075
3 0.778125 0.35 0.009375 0.053125
3 0.86875 0.2921875 0.009375 0.046875
3 0.803125 0.303125 0.0078125 0.0421875
3 0.9796875 0.3359375 0.009375 0.0515625
3 0.93125 0.2859375 0.009375 0.021875
3 0.9375 0.321875 0.009375 0.025
3 0.965625 0.375 0.0125 0.040625
3 0.921875 0.384375 0.015625 0.065625
3 0.921875 0.3125 0.0125 0.01875