3 0.13125 0.2640625 0.009375 0.034375
3 0.178125 0.25 0.0109375 0.05625
3 0.2296875 0.2625 0.0125 0.0484375
3 0.240625 0.24375 0.0125 0.05
3 0.2609375 0.246875 0.009375 0.071875
3 0.296875 0.2890625 0.01875 0.078125
3 0.328125 0.23125 0.009375 0.059375
3 0.6078125 0.2828125 0.0125 0.0609375
3 0.5859375 0.1875 0.0109375 0.0296875
3 0.6 0.196875 0.009375 0.046875
3 0.65 0.2875 0.01875 0.078125
3 0.7 0.2359375 0.0109375 0.05
3 0.7765625 0.290625 0.03125 0.1078125
3 0.7984375 0.2984375 0.0109375 0.059375
3 0.7421875 0.159375 0.00625 0.015625