1 0.0359375 0.5984375 0.0625 0.0875
3 0.0703125 0.278125 0.015625 0.053125
3 0.1609375 0.2875 0.0125 0.0484375
3 0.24375 0.265625 0.0125 0.065625
3 0.25 0.253125 0.015625 0.0640625
3 0.4109375 0.259375 0.0125 0.065625
3 0.509375 0.3 0.01875 0.05625
3 0.521875 0.296875 0.0109375 0.040625
3 0.5578125 0.2609375 0.0125 0.078125
3 0.5203125 0.196875 0.0125 0.0375
3 0.609375 0.20625 0.009375 0.05
3 0.6109375 0.2640625 0.0125 0.040625
3 0.6671875 0.25625 0.0140625 0.0609375
3 0.65 0.2046875 0.009375 0.046875
3 0.6984375 0.275 0.0125 0.04375
3 0.7 0.309375 0.0125 0.065625
3 0.7125 0.3328125 0.021875 0.0921875
3 0.74375 0.30625 0.021875 0.1078125
3 0.8296875 0.25625 0.0171875 0.06875
3 0.8 0.30625 0.015625 0.090625
3 0.7875 0.3015625 0.015625 0.0703125
3 0.846875 0.490625 0.01875 0.09375
3 0.8234375 0.5359375 0.0453125 0.209375
3 0.7515625 0.5578125 0.040625 0.221875