3 0.128125 0.7671875 0.071875 0.24375
3 0.1375 0.534375 0.040625 0.175
3 0.3078125 0.559375 0.059375 0.2
3 0.3859375 0.340625 0.0171875 0.1125
3 0.0125 0.259375 0.015625 0.053125
3 0.334375 0.15 0.009375 0.04375
3 0.4140625 0.1375 0.009375 0.040625
3 0.5578125 0.1390625 0.009375 0.046875
3 0.55 0.1109375 0.00625 0.03125
3 0.56875 0.15625 0.009375 0.046875
3 0.5859375 0.14375 0.009375 0.05
3 0.578125 0.140625 0.009375 0.04375
3 0.56875 0.13125 0.009375 0.028125
3 0.5109375 0.334375 0.021875 0.0765625
3 0.4859375 0.359375 0.01875 0.096875
3 0.471875 0.2703125 0.0140625 0.071875
3 0.475 0.265625 0.015625 0.05625
3 0.765625 0.540625 0.0453125 0.1875
1 0.1671875 0.89375 0.0265625 0.06875