3 0.803125 0.4203125 0.0375 0.15625
3 0.5671875 0.2234375 0.03125 0.09375
3 0.5953125 0.240625 0.025 0.0765625
3 0.5984375 0.1953125 0.0265625 0.04375
3 0.628125 0.23125 0.0296875 0.09375
3 0.88125 0.4015625 0.053125 0.184375
3 0.75 0.2578125 0.0609375 0.134375
3 0.334375 0.19375 0.0234375 0.115625
3 0.1546875 0.1765625 0.01875 0.1421875
3 0.0625 0.31875 0.0359375 0.1875
3 0.1953125 0.3921875 0.0375 0.15625
3 0.0375 0.0984375 0.0125 0.0375
3 0.090625 0.0453125 0.0125 0.0484375
3 0.1140625 0.0625 0.0125 0.034375