3 0.0640625 0.5640625 0.053125 0.184375
3 0.2 0.43125 0.0375 0.171875
3 0.26875 0.6109375 0.05 0.2125
3 0.2609375 0.6140625 0.115625 0.103125
3 0.3453125 0.6140625 0.0625 0.3171875
3 0.1921875 0.25625 0.01875 0.1
3 0.1609375 0.184375 0.021875 0.103125
3 0.1765625 0.134375 0.0140625 0.0546875
3 0.25625 0.0875 0.01875 0.0609375
3 0.28125 0.103125 0.0171875 0.0875
3 0.76875 0.4 0.0734375 0.0859375
3 0.765625 0.28125 0.05 0.0984375
3 0.6375 0.1078125 0.021875 0.0640625
3 0.6421875 0.071875 0.0203125 0.053125
3 0.6625 0.115625 0.015625 0.028125
3 0.7609375 0.040625 0.01875 0.0578125
3 0.790625 0.0453125 0.015625 0.0609375
3 0.7984375 0.05625 0.0109375 0.04375