3 0.0625 0.43125 0.034375 0.1125
3 0.1 0.3515625 0.03125 0.0703125
3 0.153125 0.3359375 0.0234375 0.134375
3 0.321875 0.246875 0.0296875 0.08125
3 0.91875 0.246875 0.028125 0.121875
3 0.775 0.1671875 0.015625 0.090625
3 0.7234375 0.14375 0.0140625 0.04375
3 0.7375 0.23125 0.021875 0.0875
3 0.740625 0.1546875 0.0125 0.04375
3 0.815625 0.2109375 0.015625 0.08125
3 0.828125 0.1578125 0.0171875 0.06875
3 0.8296875 0.21875 0.015625 0.1
3 0.8625 0.2234375 0.01875 0.071875
3 0.85 0.171875 0.0125 0.0875
3 0.9015625 0.23125 0.0203125 0.06875
3 0.946875 0.2484375 0.01875 0.10625