3 0.975 0.365625 0.021875 0.1
3 0.7953125 0.3 0.015625 0.06875
3 0.471875 0.290625 0.015625 0.04375
3 0.425 0.334375 0.0203125 0.05
3 0.4375 0.334375 0.0125 0.059375
3 0.48125 0.3390625 0.028125 0.134375
3 0.334375 0.278125 0.01875 0.0703125
3 0.3796875 0.3125 0.0265625 0.1359375
3 0.284375 0.2546875 0.015625 0.0765625
3 0.153125 0.271875 0.0171875 0.096875
3 0.1 0.196875 0.015625 0.0390625
3 0.1109375 0.2421875 0.009375 0.05625
3 0.209375 0.25625 0.021875 0.04375
3 0.1859375 0.209375 0.01875 0.084375
3 0.20625 0.203125 0.01875 0.05
3 0.246875 0.234375 0.0109375 0.0609375
3 0.33125 0.20625 0.0125 0.071875
3 0.365625 0.259375 0.0125 0.065625