3 0.1421875 0.446875 0.0390625 0.16875
3 0.1921875 0.4421875 0.025 0.109375
3 0.2125 0.4109375 0.0296875 0.1078125
3 0.171875 0.3875 0.03125 0.1109375
3 0.56875 0.7125 0.078125 0.240625
3 0.421875 0.2578125 0.025 0.1
3 0.5296875 0.20625 0.0140625 0.05625
3 0.5828125 0.1890625 0.034375 0.1125
3 0.634375 0.071875 0.01875 0.1375
3 0.70625 0.1265625 0.021875 0.06875
3 0.584375 0.4125 0.040625 0.225
3 0.640625 0.465625 0.01875 0.1234375
3 0.7921875 0.540625 0.071875 0.275
3 0.859375 0.578125 0.0453125 0.284375
3 0.88125 0.525 0.0328125 0.25
3 0.925 0.5625 0.05 0.278125
3 0.9 0.3515625 0.034375 0.121875