3 0.98125 0.7875 0.0359375 0.2875
3 0.95 0.75 0.053125 0.30625
3 0.978125 0.3875 0.0171875 0.040625
3 0.8984375 0.4515625 0.0125 0.0703125
3 0.828125 0.4296875 0.01875 0.14375
3 0.7984375 0.40625 0.0234375 0.1484375
3 0.93125 0.2640625 0.015625 0.05625
3 0.35 0.3234375 0.03125 0.090625
3 0.3828125 0.228125 0.0140625 0.0625
3 0.29375 0.3015625 0.025 0.125
3 0.3046875 0.2546875 0.015625 0.0515625
3 0.3203125 0.2734375 0.0171875 0.0578125
3 0.315625 0.325 0.021875 0.09375
3 0.328125 0.3203125 0.01875 0.0625
3 0.3390625 0.2703125 0.01875 0.084375
3 0.109375 0.284375 0.0171875 0.0609375
3 0.11875 0.265625 0.015625 0.0609375
3 0.09375 0.2109375 0.015625 0.05
3 0.1 0.2390625 0.0125 0.0359375
3 0.128125 0.234375 0.01875 0.071875