3 0.0796875 0.24375 0.0140625 0.03125
3 0.1 0.221875 0.0171875 0.06875
3 0.1171875 0.225 0.021875 0.084375
3 0.309375 0.234375 0.0140625 0.059375
3 0.378125 0.23125 0.01875 0.0796875
3 0.31875 0.33125 0.01875 0.071875
3 0.3125 0.29375 0.028125 0.034375
3 0.35 0.325 0.0296875 0.0875
3 0.6109375 0.35 0.025 0.15625
3 0.7671875 0.340625 0.0265625 0.0640625
3 0.84375 0.375 0.028125 0.1515625
3 0.828125 0.340625 0.015625 0.109375
3 0.8421875 0.30625 0.0203125 0.0390625
3 0.984375 0.41875 0.01875 0.078125
3 0.9234375 0.390625 0.0234375 0.1328125
3 0.903125 0.3765625 0.0171875 0.1375