3 0.83125 0.3703125 0.0390625 0.159375
3 0.715625 0.1765625 0.0140625 0.078125
3 0.75 0.175 0.015625 0.078125
3 0.75625 0.1765625 0.0109375 0.0390625
3 0.765625 0.178125 0.015625 0.040625
3 0.7078125 0.1171875 0.0125 0.06875
3 0.765625 0.125 0.009375 0.05
3 0.784375 0.146875 0.01875 0.0390625
3 0.8 0.175 0.0140625 0.071875
3 0.815625 0.1640625 0.015625 0.0375
3 0.06875 0.4125 0.040625 0.234375
3 0.2828125 0.21875 0.034375 0.1015625
3 0.2421875 0.1109375 0.028125 0.0765625
3 0.659375 0.115625 0.0109375 0.03125