3 0.5046875 0.628125 0.103125 0.1265625
3 0.5109375 0.61875 0.08125 0.228125
3 0.1609375 0.225 0.0359375 0.1875
3 0.35625 0.2859375 0.0359375 0.1
3 0.48125 0.3453125 0.0328125 0.165625
3 0.5625 0.3703125 0.034375 0.1125
3 0.609375 0.3515625 0.025 0.078125
3 0.7765625 0.3890625 0.0375 0.1796875
3 0.9234375 0.4359375 0.034375 0.1390625
3 0.94375 0.390625 0.025 0.09375
3 0.9640625 0.378125 0.0296875 0.078125
3 0.984375 0.3140625 0.0296875 0.05625
3 0.8671875 0.20625 0.028125 0.0875
3 0.884375 0.1953125 0.0109375 0.06875
3 0.6875 0.178125 0.025 0.115625