3 0.153125 0.690625 0.0890625 0.19375
3 0.146875 0.55625 0.05625 0.234375
3 0.2234375 0.53125 0.05625 0.15
3 0.30625 0.41875 0.028125 0.11875
3 0.3109375 0.3625 0.01875 0.0890625
3 0.359375 0.3765625 0.03125 0.184375
3 0.3671875 0.2890625 0.05 0.090625
3 0.471875 0.3578125 0.03125 0.0625
3 0.6625 0.6296875 0.06875 0.259375
3 0.484375 0.55625 0.0375 0.115625
3 0.409375 0.5 0.0453125 0.234375
3 0.571875 0.3875 0.0296875 0.18125
3 0.58125 0.3421875 0.0203125 0.146875
3 0.99375 0.2078125 0.0125 0.0890625
3 0.971875 0.20625 0.015625 0.09375