3 0.165625 0.6953125 0.10625 0.1859375
3 0.2765625 0.303125 0.025 0.1359375
3 0.3109375 0.253125 0.015625 0.05625
3 0.409375 0.3359375 0.028125 0.146875
3 0.45 0.234375 0.015625 0.04375
3 0.4625 0.3328125 0.028125 0.15625
3 0.5015625 0.315625 0.0265625 0.084375
3 0.471875 0.271875 0.0140625 0.040625
3 0.409375 0.5015625 0.040625 0.2171875
3 0.5140625 0.665625 0.0734375 0.109375
3 0.58125 0.6625 0.05625 0.121875
3 0.746875 0.4609375 0.028125 0.10625
3 0.725 0.484375 0.04375 0.1375
3 0.678125 0.4625 0.0375 0.1203125
3 0.965625 0.346875 0.025 0.140625
3 0.9875 0.340625 0.025 0.115625
3 0.9875 0.284375 0.025 0.0921875
3 0.99375 0.2125 0.0125 0.09375
3 0.8640625 0.1890625 0.034375 0.084375
3 0.8 0.196875 0.015625 0.06875
3 0.8390625 0.2 0.015625 0.1