3 0.74375 0.5046875 0.0484375 0.14375
3 0.984375 0.68125 0.03125 0.228125
3 0.7390625 0.103125 0.009375 0.0375
3 0.7546875 0.103125 0.009375 0.0328125
3 0.6125 0.16875 0.0109375 0.040625
3 0.478125 0.2734375 0.025 0.0828125
3 0.465625 0.228125 0.025 0.11875
3 0.428125 0.315625 0.0296875 0.14375
3 0.2140625 0.21875 0.015625 0.090625
3 0.228125 0.2234375 0.0125 0.053125
3 0.1921875 0.7578125 0.06875 0.296875
3 0.321875 0.4515625 0.034375 0.1625
3 0.3875 0.284375 0.0203125 0.090625
3 0.3515625 0.296875 0.021875 0.121875
3 0.375 0.259375 0.009375 0.04375
3 0.3671875 0.2875 0.021875 0.084375
3 0.621875 0.4703125 0.034375 0.234375
3 0.653125 0.465625 0.0375 0.11875
3 0.56875 0.7375 0.071875 0.178125
3 0.7796875 0.5796875 0.046875 0.209375
3 0.8234375 0.5015625 0.0359375 0.16875
3 0.8703125 0.496875 0.05 0.221875
3 0.91875 0.3828125 0.025 0.19375