1 0.4 0.203125 0.0125 0.015625
3 0.3796875 0.1796875 0.0140625 0.078125
3 0.040625 0.3 0.021875 0.040625
3 0.38125 0.51875 0.0375 0.2171875
3 0.6265625 0.15625 0.021875 0.04375
3 0.6765625 0.215625 0.0375 0.06875
3 0.940625 0.2078125 0.021875 0.1203125
3 0.9921875 0.2125 0.015625 0.0828125
3 0.8875 0.2125 0.0140625 0.103125
3 0.9015625 0.225 0.01875 0.1078125
3 0.9078125 0.21875 0.015625 0.09375
3 0.909375 0.2015625 0.0125 0.084375
3 0.96875 0.35 0.025 0.146875
3 0.9875 0.35 0.0234375 0.1421875
3 0.740625 0.434375 0.021875 0.06875
3 0.68125 0.4703125 0.034375 0.1375
3 0.740625 0.4875 0.046875 0.125
3 0.6375 0.521875 0.0375 0.1859375
3 0.990625 0.65 0.0171875 0.23125
3 0.671875 0.6765625 0.084375 0.271875
3 0.6109375 0.6515625 0.0484375 0.1046875
3 0.578125 0.7375 0.0625 0.1625
3 0.55625 0.690625 0.09375 0.2578125