3 0.7578125 0.9109375 0.0578125 0.178125
3 0.7125 0.8828125 0.071875 0.234375
3 0.6234375 0.34375 0.0234375 0.1125
3 0.509375 0.1671875 0.01875 0.06875
3 0.4421875 0.340625 0.0203125 0.0921875
3 0.3546875 0.3234375 0.021875 0.134375
3 0.31875 0.2859375 0.0171875 0.05625
3 0.2390625 0.296875 0.021875 0.121875
3 0.290625 0.2578125 0.015625 0.10625
3 0.365625 0.1875 0.015625 0.075
3 0.33125 0.15 0.028125 0.09375
3 0.334375 0.221875 0.01875 0.0875
3 0.265625 0.2015625 0.0140625 0.059375
3 0.2828125 0.215625 0.025 0.0921875
3 0.090625 0.215625 0.01875 0.05