1 0.8 0.178125 0.034375 0.05
3 0.646875 0.14375 0.021875 0.075
3 0.6328125 0.1609375 0.0171875 0.0875
3 0.6203125 0.159375 0.01875 0.078125
3 0.5578125 0.115625 0.0125 0.05625
3 0.5359375 0.11875 0.0109375 0.0578125
3 0.484375 0.15625 0.01875 0.059375
3 0.525 0.13125 0.0140625 0.0625
1 0.11875 0.2421875 0.015625 0.025
1 0.1421875 0.184375 0.009375 0.015625
3 0.021875 0.184375 0.00625 0.025
3 0.028125 0.178125 0.00625 0.01875
3 0.0234375 0.165625 0.00625 0.0171875
3 0.028125 0.19375 0.00625 0.021875