1 0.0140625 0.3921875 0.025 0.040625
3 0.009375 0.3203125 0.01875 0.109375
3 0.346875 0.3359375 0.03125 0.1515625
3 0.39375 0.3015625 0.021875 0.128125
3 0.4171875 0.309375 0.0265625 0.125
3 0.4390625 0.2984375 0.021875 0.115625
3 0.459375 0.2921875 0.025 0.115625
3 0.484375 0.309375 0.025 0.128125
3 0.621875 0.24375 0.015625 0.0859375
3 0.671875 0.246875 0.01875 0.08125
3 0.7046875 0.203125 0.015625 0.034375
3 0.7484375 0.2109375 0.0125 0.071875
3 0.68125 0.234375 0.0140625 0.08125
3 0.6921875 0.2421875 0.0140625 0.0890625
3 0.98125 0.96875 0.0375 0.0609375
3 0.8390625 0.9203125 0.078125 0.159375
3 0.896875 0.903125 0.0578125 0.19375
3 0.6875 0.5296875 0.0515625 0.25
3 0.6171875 0.5109375 0.053125 0.2203125
3 0.6578125 0.490625 0.04375 0.225
3 0.5078125 0.4140625 0.03125 0.1828125
3 0.5546875 0.4203125 0.040625 0.2
3 0.5703125 0.3078125 0.0203125 0.11875
3 0.5828125 0.3140625 0.021875 0.11875
3 0.703125 0.4015625 0.0296875 0.14375
3 0.715625 0.296875 0.0265625 0.1125
3 0.9734375 0.45 0.03125 0.140625
3 0.9859375 0.40625 0.028125 0.153125
3 0.99375 0.421875 0.0109375 0.125
3 0.9859375 0.2390625 0.0171875 0.0625
3 0.98125 0.178125 0.00625 0.034375
3 0.965625 0.178125 0.0046875 0.03125
3 0.971875 0.2 0.009375 0.040625
3 0.9703125 0.1703125 0.00625 0.01875
3 0.946875 0.1734375 0.009375 0.028125
3 0.9390625 0.18125 0.0078125 0.034375
3 0.9578125 0.196875 0.0109375 0.05
3 0.93125 0.1875 0.00625 0.040625
3 0.928125 0.175 0.0078125 0.028125
3 0.95 0.19375 0.009375 0.0296875
3 0.95 0.2015625 0.009375 0.025
3 0.9625 0.259375 0.01875 0.078125
3 0.94375 0.28125 0.0203125 0.0921875
3 0.93125 0.253125 0.0125 0.08125
3 0.828125 0.303125 0.025 0.128125
3 0.8078125 0.240625 0.0125 0.075
3 0.81875 0.25 0.0140625 0.04375
3 0.803125 0.1890625 0.009375 0.040625
3 0.8140625 0.1984375 0.0125 0.05625
3 0.85625 0.196875 0.0109375 0.053125
3 0.8484375 0.1921875 0.00625 0.05
3 0.8703125 0.190625 0.00625 0.04375
3 0.875 0.1921875 0.00625 0.046875
3 0.884375 0.184375 0.009375 0.04375
3 0.8953125 0.1921875 0.009375 0.0453125
3 0.90625 0.2109375 0.0125 0.059375
3 0.8375 0.1984375 0.0109375 0.053125
3 0.8359375 0.2421875 0.0125 0.04375
3 0.8484375 0.2734375 0.0125 0.0796875
3 0.859375 0.2703125 0.0109375 0.0875
3 0.86875 0.271875 0.0125 0.0859375
3 0.884375 0.265625 0.0171875 0.09375
3 0.89375 0.309375 0.01875 0.1125
3 0.9109375 0.28125 0.01875 0.1015625
3 0.9046875 0.30625 0.01875 0.109375
3 0.91875 0.184375 0.009375 0.0234375
3 0.915625 0.225 0.0125 0.06875
3 0.921875 0.215625 0.009375 0.0609375
3 0.9046875 0.1765625 0.009375 0.025