3 0.9375 0.8375 0.084375 0.325
3 0.9890625 0.209375 0.00625 0.034375
3 0.9875 0.190625 0.0078125 0.0375
3 0.925 0.178125 0.009375 0.025
3 0.91875 0.16875 0.00625 0.01875
3 0.9515625 0.184375 0.009375 0.01875
3 0.953125 0.2078125 0.009375 0.034375
3 0.9640625 0.1921875 0.009375 0.0453125
3 0.96875 0.1921875 0.00625 0.028125
3 0.975 0.1828125 0.00625 0.0203125
3 0.9765625 0.20625 0.00625 0.040625
3 0.9796875 0.1875 0.00625 0.01875
3 0.9703125 0.1671875 0.00625 0.021875
3 0.9765625 0.1671875 0.00625 0.01875
3 0.246875 0.359375 0.021875 0.140625
3 0.21875 0.3015625 0.0265625 0.0796875
3 0.309375 0.36875 0.0203125 0.1453125
3 0.30625 0.35625 0.034375 0.15625
3 0.328125 0.3328125 0.021875 0.13125
3 0.3953125 0.303125 0.0234375 0.134375
3 0.4078125 0.303125 0.0140625 0.128125
3 0.440625 0.29375 0.0328125 0.115625
3 0.453125 0.24375 0.01875 0.05
3 0.521875 0.296875 0.025 0.09375
3 0.5390625 0.2921875 0.0203125 0.11875
3 0.525 0.24375 0.015625 0.0359375
3 0.5265625 0.2328125 0.0203125 0.0359375
3 0.95625 0.321875 0.028125 0.128125
3 0.909375 0.184375 0.00625 0.0421875
3 0.8984375 0.1828125 0.0078125 0.0421875
3 0.903125 0.184375 0.00625 0.04375
3 0.640625 0.259375 0.01875 0.09375
3 0.6265625 0.2015625 0.0125 0.0375
3 0.653125 0.234375 0.015625 0.0859375
3 0.6640625 0.23125 0.0125 0.0859375
3 0.6875 0.2296875 0.01875 0.075
3 0.70625 0.196875 0.0125 0.0359375
3 0.725 0.21875 0.0125 0.06875
3 0.740625 0.196875 0.0140625 0.0296875
3 0.75 0.2453125 0.0234375 0.09375
3 0.734375 0.1875 0.009375 0.025
3 0.7140625 0.2203125 0.0125 0.06875
3 0.690625 0.1875 0.0125 0.025
3 0.7328125 0.2296875 0.009375 0.046875
3 0.75 0.1875 0.00625 0.0234375
3 0.75625 0.196875 0.009375 0.0390625
3 0.7921875 0.228125 0.01875 0.0515625
3 0.784375 0.2171875 0.0140625 0.065625
3 0.771875 0.1875 0.0125 0.034375
3 0.803125 0.2171875 0.0125 0.0765625
3 0.79375 0.296875 0.021875 0.1125
3 0.809375 0.309375 0.01875 0.096875
3 0.825 0.271875 0.0234375 0.1125
3 0.859375 0.215625 0.015625 0.071875
3 0.875 0.2015625 0.009375 0.046875
3 0.884375 0.2 0.009375 0.05
3 0.825 0.1984375 0.0125 0.053125
3 0.83125 0.196875 0.0078125 0.0515625
3 0.8390625 0.19375 0.0125 0.05625
3 0.803125 0.171875 0.009375 0.015625
3 0.853125 0.1890625 0.0109375 0.05
3 0.86875 0.1921875 0.009375 0.05
3 0.8890625 0.1859375 0.0125 0.04375