1 0.803125 0.81875 0.0875 0.146875
3 0.4109375 0.30625 0.0234375 0.121875
3 0.403125 0.271875 0.015625 0.06875
3 0.4375 0.296875 0.021875 0.121875
3 0.4703125 0.2921875 0.025 0.103125
3 0.0109375 0.321875 0.021875 0.11875
3 0.8546875 0.740625 0.04375 0.1875
3 0.8609375 0.6328125 0.0296875 0.1015625
3 0.828125 0.653125 0.053125 0.25
3 0.9125 0.4921875 0.040625 0.240625
3 0.865625 0.4859375 0.04375 0.209375
3 0.96875 0.18125 0.00625 0.034375
3 0.959375 0.19375 0.0078125 0.040625
3 0.9796875 0.203125 0.009375 0.0375
3 0.9109375 0.1734375 0.00625 0.028125
3 0.853125 0.190625 0.00625 0.046875
3 0.85625 0.1890625 0.0046875 0.05
3 0.8078125 0.1859375 0.00625 0.0390625
3 0.8015625 0.1859375 0.0125 0.0375
3 0.775 0.21875 0.0140625 0.06875
3 0.7953125 0.21875 0.015625 0.071875
3 0.6734375 0.2 0.0125 0.0453125
3 0.5953125 0.21875 0.015625 0.0390625
3 0.61875 0.228125 0.0125 0.0421875
3 0.628125 0.25 0.021875 0.096875
3 0.5390625 0.253125 0.015625 0.096875
3 0.603125 0.325 0.0265625 0.121875
3 0.7515625 0.2953125 0.021875 0.121875
3 0.8796875 0.190625 0.009375 0.046875
3 0.890625 0.2015625 0.0109375 0.05625
3 0.9015625 0.2 0.009375 0.053125
3 0.9078125 0.20625 0.0125 0.053125
3 0.91875 0.203125 0.0109375 0.0515625
3 0.95 0.1890625 0.0078125 0.040625
3 0.9375 0.178125 0.00625 0.0296875
3 0.9296875 0.184375 0.009375 0.040625
3 0.93125 0.2265625 0.0125 0.065625
3 0.9703125 0.275 0.0171875 0.08125
3 0.8640625 0.2640625 0.0125 0.08125
3 0.8734375 0.28125 0.0171875 0.090625
3 0.9484375 0.21875 0.009375 0.05
3 0.95625 0.246875 0.01875 0.078125
3 0.9390625 0.2453125 0.0125 0.071875
3 0.9390625 0.2 0.0078125 0.0203125