3 0.1578125 0.390625 0.0296875 0.184375
3 0.24375 0.340625 0.028125 0.14375
3 0.2171875 0.296875 0.021875 0.071875
3 0.2859375 0.334375 0.028125 0.159375
3 0.396875 0.4078125 0.03125 0.1734375
3 0.4265625 0.409375 0.0390625 0.184375
3 0.378125 0.2515625 0.0296875 0.075
3 0.4046875 0.28125 0.0203125 0.0703125
3 0.4484375 0.3453125 0.0328125 0.15
3 0.428125 0.28125 0.0171875 0.08125
3 0.45 0.2984375 0.0296875 0.11875
3 0.4671875 0.2875 0.0171875 0.128125
3 0.509375 0.278125 0.015625 0.10625
3 0.484375 0.253125 0.01875 0.040625
3 0.51875 0.2375 0.015625 0.05625
3 0.525 0.2765625 0.021875 0.065625
3 0.53125 0.365625 0.025 0.1671875
3 0.565625 0.3703125 0.0328125 0.1703125
3 0.6453125 0.54375 0.04375 0.25625
3 0.696875 0.5515625 0.0453125 0.284375
3 0.6234375 0.24375 0.0171875 0.084375
3 0.628125 0.2015625 0.0125 0.040625
3 0.659375 0.1953125 0.009375 0.034375
3 0.6875 0.2609375 0.021875 0.10625
3 0.690625 0.1875 0.0125 0.034375
3 0.71875 0.2234375 0.0125 0.0828125
3 0.728125 0.225 0.01875 0.0796875
1 0.503125 0.353125 0.015625 0.0359375
1 0.759375 0.425 0.034375 0.0703125
3 0.728125 0.33125 0.0375 0.14375
3 0.8 0.38125 0.0328125 0.165625
3 0.771875 0.3453125 0.028125 0.128125
3 0.759375 0.25 0.01875 0.084375
3 0.7515625 0.2296875 0.0125 0.075
3 0.75 0.1875 0.0125 0.028125
3 0.778125 0.215625 0.015625 0.0640625
3 0.7875 0.209375 0.015625 0.065625
3 0.79375 0.2828125 0.015625 0.0375
3 0.7953125 0.2640625 0.021875 0.0546875
3 0.8125 0.2734375 0.01875 0.09375
3 0.8484375 0.2921875 0.0203125 0.109375
3 0.8921875 0.2796875 0.021875 0.0859375
3 0.9890625 0.259375 0.0140625 0.06875
3 0.9765625 0.203125 0.009375 0.046875
3 0.96875 0.209375 0.009375 0.034375
3 0.9875 0.19375 0.00625 0.03125
3 0.99375 0.19375 0.00625 0.03125
3 0.9671875 0.18125 0.009375 0.034375
3 0.946875 0.196875 0.00625 0.0390625
3 0.953125 0.2296875 0.0125 0.06875
3 0.8375 0.20625 0.0109375 0.059375
3 0.8328125 0.209375 0.0109375 0.0546875
3 0.859375 0.2140625 0.015625 0.0640625
3 0.8546875 0.203125 0.009375 0.059375
3 0.7984375 0.203125 0.009375 0.0578125
3 0.8046875 0.203125 0.00625 0.0546875
3 0.809375 0.2 0.0078125 0.053125
3 0.8234375 0.20625 0.0125 0.05625
3 0.8171875 0.203125 0.0078125 0.053125
3 0.871875 0.1984375 0.0078125 0.0375
3 0.88125 0.196875 0.009375 0.05
3 0.8875 0.19375 0.0109375 0.053125
3 0.9375 0.228125 0.009375 0.071875
3 0.925 0.225 0.009375 0.065625
3 0.9 0.2140625 0.009375 0.0421875
3 0.9 0.190625 0.009375 0.01875
3 0.903125 0.178125 0.0109375 0.0265625
3 0.90625 0.221875 0.0109375 0.0640625
3 0.915625 0.2234375 0.0109375 0.0625
3 0.940625 0.1875 0.009375 0.0359375
3 0.93125 0.1953125 0.009375 0.05
3 0.953125 0.1859375 0.00625 0.034375
3 0.95625 0.190625 0.0078125 0.028125
3 0.9203125 0.1796875 0.009375 0.0234375
3 0.9125 0.1796875 0.0078125 0.021875
3 0.93125 0.1640625 0.00625 0.021875
3 0.4703125 0.88125 0.103125 0.2375