3 0.996875 0.20625 0.00625 0.05
3 0.940625 0.1703125 0.00625 0.03125
3 0.9359375 0.1703125 0.00625 0.0265625
3 0.946875 0.175 0.00625 0.034375
3 0.909375 0.184375 0.00625 0.040625
3 0.28125 0.48125 0.05 0.221875
3 0.3109375 0.3328125 0.0234375 0.1421875
3 0.3265625 0.3328125 0.0203125 0.146875
3 0.4125 0.3171875 0.028125 0.1375
3 0.390625 0.2609375 0.034375 0.05625
3 0.428125 0.2984375 0.015625 0.1125
3 0.9125 0.509375 0.053125 0.225
3 0.7203125 0.2796875 0.0203125 0.103125
3 0.7453125 0.2203125 0.0140625 0.071875
3 0.7578125 0.21875 0.015625 0.071875
3 0.834375 0.2484375 0.015625 0.0859375
3 0.85625 0.253125 0.01875 0.090625
3 0.965625 0.228125 0.0125 0.065625
3 0.9703125 0.2140625 0.009375 0.05625
3 0.9390625 0.253125 0.015625 0.075
3 0.928125 0.2375 0.0125 0.0640625
3 0.81875 0.2 0.0125 0.0609375
3 0.825 0.2 0.00625 0.05
3 0.84375 0.2 0.015625 0.0609375
3 0.86875 0.20625 0.009375 0.059375
3 0.884375 0.1953125 0.009375 0.053125
3 0.91875 0.203125 0.009375 0.0578125
3 0.86875 0.1734375 0.009375 0.021875
3 0.875 0.184375 0.009375 0.046875
3 0.890625 0.1859375 0.00625 0.046875
3 0.89375 0.1828125 0.00625 0.0421875
3 0.9140625 0.196875 0.00625 0.05