1 0.0625 0.440625 0.028125 0.06875
3 0.24375 0.521875 0.05 0.23125
3 0.5828125 0.3203125 0.0375 0.1375
3 0.7546875 0.234375 0.015625 0.0828125
3 0.990625 0.23125 0.0125 0.059375
3 0.8921875 0.20625 0.0140625 0.059375
3 0.903125 0.2046875 0.0125 0.059375
3 0.9296875 0.2078125 0.0125 0.059375
3 0.9421875 0.1890625 0.009375 0.04375
3 0.9125 0.18125 0.009375 0.0390625
3 0.95 0.196875 0.009375 0.05
3 0.965625 0.1875 0.009375 0.040625
3 0.975 0.1875 0.009375 0.0421875
3 0.984375 0.1890625 0.00625 0.0375
3 0.834375 0.1953125 0.009375 0.05625
3 0.825 0.196875 0.009375 0.0546875