3 0.6203125 0.546875 0.0484375 0.234375
3 0.56875 0.3546875 0.03125 0.1421875
3 0.346875 0.43125 0.0375 0.20625
3 0.0234375 0.153125 0.009375 0.075
3 0.0890625 0.1625 0.009375 0.046875
3 0.1359375 0.1390625 0.0078125 0.040625
3 0.128125 0.140625 0.00625 0.0234375
3 0.125 0.1359375 0.00625 0.0375
3 0.11875 0.1375 0.00625 0.0359375
3 0.1125 0.1296875 0.00625 0.028125
3 0.1078125 0.134375 0.00625 0.021875
3 0.0984375 0.121875 0.0078125 0.01875
3 0.1671875 0.19375 0.0125 0.06875
3 0.19375 0.19375 0.0171875 0.065625
3 0.2 0.1734375 0.0125 0.0546875
3 0.209375 0.190625 0.015625 0.0734375
3 0.259375 0.16875 0.009375 0.046875
3 0.26875 0.18125 0.0125 0.059375
3 0.278125 0.1890625 0.009375 0.04375
3 0.4625 0.23125 0.0125 0.0421875
3 0.3921875 0.1984375 0.0125 0.0671875
3 0.4140625 0.2 0.0125 0.03125
3 0.425 0.228125 0.015625 0.075
3 0.4421875 0.2265625 0.015625 0.084375
3 0.45 0.2203125 0.009375 0.06875