3 0.634375 0.4234375 0.034375 0.184375
3 0.675 0.3125 0.025 0.10625
3 0.16875 0.41875 0.0296875 0.19375
3 0.1140625 0.4171875 0.0453125 0.20625
3 0.1078125 0.25 0.0203125 0.0921875
3 0.115625 0.2078125 0.015625 0.08125
3 0.2953125 0.1734375 0.0125 0.046875
3 0.2796875 0.19375 0.0140625 0.06875
3 0.2484375 0.215625 0.0171875 0.08125
3 0.2 0.1875 0.015625 0.06875
3 0.2375 0.1796875 0.0125 0.065625
3 0.1203125 0.1703125 0.015625 0.046875
3 0.1328125 0.1515625 0.0078125 0.04375
3 0.0984375 0.121875 0.0046875 0.015625
3 0.1015625 0.1234375 0.0046875 0.01875
3 0.115625 0.1328125 0.009375 0.0359375
3 0.14375 0.15 0.009375 0.0390625
3 0.15 0.128125 0.00625 0.028125
3 0.140625 0.1234375 0.00625 0.0203125