3 0.3453125 0.965625 0.0796875 0.06875
3 0.421875 0.9359375 0.096875 0.128125
3 0.9546875 0.8515625 0.071875 0.296875
3 0.6140625 0.7609375 0.05625 0.325
3 0.2890625 0.4890625 0.0484375 0.215625
3 0.340625 0.5015625 0.0546875 0.21875
3 0.0984375 0.1296875 0.0078125 0.03125
3 0.11875 0.11875 0.0046875 0.0203125
3 0.121875 0.1203125 0.00625 0.025
3 0.11875 0.140625 0.009375 0.03125
3 0.11875 0.184375 0.0125 0.065625
3 0.15 0.14375 0.009375 0.04375
3 0.2140625 0.18125 0.0125 0.05
3 0.24375 0.16875 0.0125 0.046875
3 0.259375 0.1875 0.0125 0.0625
3 0.1578125 0.15 0.0109375 0.040625
3 0.1671875 0.1515625 0.009375 0.046875
3 0.140625 0.1578125 0.009375 0.0453125
3 0.125 0.1546875 0.009375 0.04375
3 0.13125 0.15 0.0078125 0.04375
3 0.15 0.19375 0.0171875 0.040625
3 0.16875 0.225 0.01875 0.09375
3 0.35 0.203125 0.015625 0.065625
3 0.378125 0.2015625 0.0125 0.046875
3 0.3859375 0.20625 0.021875 0.0375
3 0.3859375 0.26875 0.0203125 0.103125
3 0.4 0.275 0.015625 0.0890625
3 0.4125 0.2078125 0.015625 0.05
3 0.46875 0.2640625 0.0265625 0.0703125
3 0.4625 0.3671875 0.0265625 0.14375
3 0.484375 0.3671875 0.025 0.146875
3 0.58125 0.384375 0.03125 0.15625
3 0.6859375 0.35 0.025 0.121875