3 0.575 0.93125 0.0875 0.1375
3 0.325 0.36875 0.0375 0.159375
3 0.371875 0.371875 0.0375 0.1578125
3 0.1 0.1296875 0.009375 0.0328125
3 0.1171875 0.1375 0.009375 0.034375
3 0.115625 0.1203125 0.00625 0.0125
3 0.121875 0.13125 0.0046875 0.0296875
3 0.13125 0.146875 0.0078125 0.046875
3 0.1265625 0.134375 0.00625 0.028125
3 0.1484375 0.15 0.009375 0.0453125
3 0.15 0.121875 0.00625 0.0234375
3 0.19375 0.1625 0.0109375 0.053125
3 0.23125 0.165625 0.0125 0.0515625
3 0.2734375 0.228125 0.021875 0.09375
3 0.31875 0.190625 0.015625 0.059375
3 0.3609375 0.2 0.015625 0.0734375
3 0.409375 0.196875 0.0125 0.0328125
3 0.41875 0.1984375 0.009375 0.034375
3 0.4703125 0.25625 0.0171875 0.0859375
3 0.403125 0.26875 0.01875 0.115625
3 0.4125 0.259375 0.0203125 0.1125