3 0.05 0.171875 0.015625 0.0921875
3 0.0703125 0.253125 0.01875 0.103125
3 0.05625 0.16875 0.0125 0.090625
3 0.1015625 0.1203125 0.0046875 0.0234375
3 0.0796875 0.1125 0.00625 0.021875
3 0.19375 0.175 0.0078125 0.0515625
3 0.203125 0.1421875 0.00625 0.0375
3 0.2375 0.1609375 0.0125 0.053125
3 0.278125 0.1875 0.009375 0.0375
3 0.2875 0.178125 0.0140625 0.0546875
3 0.3109375 0.190625 0.0125 0.0390625
3 0.3390625 0.3 0.021875 0.1125
3 0.4296875 0.20625 0.009375 0.046875
3 0.446875 0.209375 0.015625 0.04375
3 0.4515625 0.2703125 0.025 0.06875
3 0.459375 0.28125 0.0125 0.05
3 0.54375 0.4 0.0359375 0.1671875
3 0.65625 0.3625 0.028125 0.1390625
3 0.6875 0.3640625 0.028125 0.14375
3 0.66875 0.628125 0.06875 0.284375
3 0.7296875 0.59375 0.05 0.2703125