3 0.84375 0.6953125 0.0625 0.321875
3 0.0890625 0.125 0.0046875 0.025
3 0.0953125 0.128125 0.00625 0.0328125
3 0.1015625 0.125 0.00625 0.025
3 0.109375 0.128125 0.00625 0.028125
3 0.121875 0.1390625 0.00625 0.0390625
3 0.1265625 0.146875 0.0078125 0.04375
3 0.1125 0.19375 0.0171875 0.065625
3 0.1640625 0.1890625 0.015625 0.059375
3 0.13125 0.13125 0.00625 0.03125
3 0.140625 0.15 0.009375 0.05
3 0.14375 0.1328125 0.00625 0.0375
3 0.153125 0.15 0.0125 0.0515625
3 0.20625 0.15625 0.0109375 0.046875
3 0.1921875 0.19375 0.015625 0.0671875
3 0.228125 0.1671875 0.009375 0.0578125
3 0.228125 0.1578125 0.0078125 0.034375
3 0.2359375 0.1703125 0.009375 0.046875
3 0.265625 0.1875 0.0140625 0.065625
3 0.3171875 0.1921875 0.009375 0.05625
3 0.3234375 0.1984375 0.009375 0.0421875
3 0.33125 0.196875 0.009375 0.046875
3 0.3421875 0.18125 0.009375 0.05625
3 0.3890625 0.2609375 0.0234375 0.08125
3 0.89375 0.4796875 0.05 0.215625
3 0.35625 0.5078125 0.0453125 0.240625
3 0.1359375 0.278125 0.0203125 0.1171875
3 0.1625 0.278125 0.025 0.1203125