3 0.5921875 0.528125 0.0421875 0.23125
3 0.440625 0.2484375 0.01875 0.1015625
3 0.475 0.2515625 0.01875 0.1
3 0.3375 0.334375 0.028125 0.159375
3 0.3 0.3375 0.025 0.14375
3 0.21875 0.321875 0.028125 0.140625
3 0.2578125 0.1625 0.0109375 0.053125
3 0.2328125 0.171875 0.0125 0.053125
3 0.2375 0.190625 0.0140625 0.0625
3 0.190625 0.14375 0.0078125 0.034375
3 0.14375 0.1625 0.0125 0.046875
3 0.153125 0.159375 0.0109375 0.0546875
3 0.103125 0.1296875 0.00625 0.0390625
3 0.109375 0.13125 0.00625 0.0296875
3 0.196875 0.1375 0.0078125 0.040625