3 0.8796875 0.8359375 0.075 0.328125
3 0.8390625 0.865625 0.065625 0.2671875
3 0.74375 0.4234375 0.025 0.146875
3 0.71875 0.465625 0.034375 0.1828125
3 0.7125 0.3828125 0.0203125 0.0875
3 0.659375 0.3578125 0.025 0.1359375
3 0.60625 0.309375 0.0234375 0.1109375
3 0.615625 0.496875 0.0328125 0.203125
3 0.58125 0.5078125 0.0375 0.203125
3 0.159375 0.1375 0.003125 0.01875
3 0.19375 0.153125 0.009375 0.0453125
3 0.1125 0.13125 0.00625 0.034375
3 0.10625 0.13125 0.00625 0.034375
3 0.065625 0.109375 0.009375 0.046875
3 0.05625 0.190625 0.015625 0.08125
3 0.06875 0.1921875 0.015625 0.0890625
3 0.09375 0.2 0.0140625 0.0875
3 0.109375 0.2109375 0.015625 0.084375
3 0.065625 0.2671875 0.01875 0.1078125
3 0.084375 0.259375 0.025 0.10625
3 0.128125 0.184375 0.0125 0.0578125
3 0.2234375 0.2 0.0125 0.065625
3 0.2265625 0.1875 0.0125 0.05625
3 0.2703125 0.19375 0.015625 0.0625
3 0.2890625 0.1875 0.015625 0.0640625
3 0.2875 0.2703125 0.021875 0.0984375
3 0.328125 0.284375 0.028125 0.1046875
3 0.39375 0.2671875 0.025 0.1171875
3 0.4046875 0.2015625 0.0125 0.0375
3 0.415625 0.203125 0.015625 0.0375
3 0.4078125 0.2640625 0.015625 0.103125
3 0.5453125 0.325 0.01875 0.11875
3 0.4734375 0.2671875 0.021875 0.09375
3 0.446875 0.3265625 0.034375 0.1328125
3 0.4515625 0.36875 0.0296875 0.1625
3 0.484375 0.346875 0.025 0.146875
3 0.496875 0.3734375 0.034375 0.1671875
3 0.525 0.325 0.021875 0.115625
3 0.14375 0.1671875 0.0125 0.05625
3 0.1546875 0.165625 0.0109375 0.0546875
3 0.11875 0.1359375 0.00625 0.0375
3 0.1265625 0.14375 0.009375 0.034375
3 0.1359375 0.15 0.0078125 0.0390625
3 0.153125 0.1265625 0.00625 0.028125
3 0.14375 0.1328125 0.0078125 0.0265625
3 0.1484375 0.134375 0.00625 0.025
3 0.1296875 0.125 0.00625 0.01875
3 0.121875 0.1171875 0.00625 0.0171875
3 0.096875 0.1296875 0.00625 0.034375
3 0.1375 0.128125 0.0078125 0.0203125