3 0.153125 0.1328125 0.003125 0.0203125
3 0.14375 0.134375 0.00625 0.034375
3 0.1046875 0.1234375 0.00625 0.025
3 0.1125 0.128125 0.00625 0.028125
3 0.0625 0.10625 0.0078125 0.034375
3 0.0703125 0.109375 0.0078125 0.040625
3 0.11875 0.134375 0.00625 0.034375
3 0.1375 0.1375 0.0078125 0.0234375
3 0.121875 0.1484375 0.00625 0.046875
3 0.1265625 0.1578125 0.009375 0.05625
3 0.134375 0.178125 0.015625 0.0625
3 0.1671875 0.1859375 0.0140625 0.075
3 0.1734375 0.1953125 0.0140625 0.071875
3 0.18125 0.1875 0.009375 0.0625
3 0.1875 0.196875 0.015625 0.075
3 0.128125 0.25625 0.01875 0.1046875
3 0.1453125 0.2484375 0.025 0.109375
3 0.240625 0.18125 0.015625 0.0578125
3 0.2203125 0.18125 0.015625 0.0578125
3 0.196875 0.175 0.009375 0.05
3 0.18125 0.134375 0.0046875 0.0359375
3 0.1875 0.140625 0.009375 0.04375
3 0.30625 0.246875 0.021875 0.0984375
3 0.275 0.3484375 0.0265625 0.153125
3 0.30625 0.4890625 0.0375 0.225
3 0.421875 0.23125 0.021875 0.0765625
3 0.428125 0.3078125 0.0171875 0.121875
3 0.4375 0.3265625 0.025 0.1421875
3 0.5 0.29375 0.0203125 0.1015625
3 0.534375 0.359375 0.025 0.14375
3 0.66875 0.45625 0.0375 0.1890625
3 0.915625 0.4875 0.0375 0.184375
3 0.9484375 0.4859375 0.034375 0.19375
3 0.9703125 0.5390625 0.0375 0.203125
3 0.990625 0.540625 0.01875 0.1921875
3 0.6015625 0.6296875 0.0578125 0.2625
3 0.45625 0.796875 0.0734375 0.309375
3 0.315625 0.9140625 0.06875 0.171875