3 0.096875 0.1296875 0.009375 0.028125
3 0.06875 0.10625 0.00625 0.03125
3 0.10625 0.125 0.009375 0.021875
3 0.1078125 0.159375 0.009375 0.053125
3 0.1171875 0.1484375 0.009375 0.0421875
3 0.1171875 0.121875 0.0078125 0.01875
3 0.1109375 0.128125 0.00625 0.025
3 0.121875 0.1296875 0.00625 0.0234375
3 0.128125 0.13125 0.00625 0.0328125
3 0.1375 0.146875 0.0078125 0.046875
3 0.14375 0.14375 0.00625 0.046875
3 0.15 0.1375 0.00625 0.034375
3 0.153125 0.1734375 0.0109375 0.0578125
3 0.1578125 0.1484375 0.0078125 0.0265625
3 0.165625 0.1375 0.009375 0.0234375
3 0.165625 0.15625 0.0125 0.0234375
3 0.178125 0.178125 0.0125 0.065625
3 0.165625 0.1828125 0.0109375 0.046875
3 0.1953125 0.171875 0.015625 0.053125
3 0.190625 0.1390625 0.0109375 0.034375
3 0.1625 0.25 0.021875 0.0953125
1 0.1390625 0.28125 0.009375 0.025
3 0.196875 0.2484375 0.025 0.1
3 0.2234375 0.2296875 0.01875 0.0875
3 0.2375 0.2453125 0.0171875 0.096875
3 0.290625 0.178125 0.0125 0.05625
3 0.3015625 0.18125 0.009375 0.053125
3 0.2875 0.240625 0.021875 0.1015625
3 0.3140625 0.21875 0.0125 0.065625
3 0.321875 0.24375 0.0203125 0.0953125
3 0.334375 0.2265625 0.015625 0.08125
3 0.375 0.203125 0.0125 0.06875
3 0.3796875 0.203125 0.015625 0.06875
3 0.3796875 0.303125 0.025 0.09375
3 0.43125 0.3078125 0.0234375 0.115625
3 0.4515625 0.30625 0.0234375 0.115625
3 0.5015625 0.303125 0.03125 0.109375
3 0.5296875 0.290625 0.01875 0.1
3 0.646875 0.3375 0.021875 0.11875
3 0.66875 0.34375 0.0328125 0.134375
3 0.696875 0.4046875 0.0375 0.1796875
3 0.8765625 0.4984375 0.046875 0.196875