1 0.3265625 0.1828125 0.0125 0.021875
3 0.31875 0.1578125 0.015625 0.075
3 0.015625 0.134375 0.00625 0.04375
3 0.05 0.1359375 0.009375 0.0390625
3 0.09375 0.121875 0.0078125 0.05
3 0.103125 0.125 0.00625 0.05
3 0.15625 0.1109375 0.0078125 0.040625
3 0.175 0.1265625 0.009375 0.053125
3 0.1875 0.109375 0.009375 0.046875
3 0.228125 0.10625 0.00625 0.0609375
3 0.9890625 0.125 0.0078125 0.04375
3 0.9953125 0.134375 0.00625 0.025
3 0.75 0.196875 0.015625 0.078125
3 0.740625 0.1171875 0.01875 0.078125
3 0.6265625 0.1515625 0.01875 0.040625
3 0.640625 0.165625 0.0125 0.059375
3 0.646875 0.153125 0.0109375 0.0765625
3 0.65625 0.1546875 0.0125 0.0765625
3 0.584375 0.140625 0.009375 0.0671875
3 0.5421875 0.1484375 0.009375 0.06875
3 0.4921875 0.15 0.0125 0.059375
3 0.51875 0.1453125 0.0125 0.0765625
3 0.596875 0.1171875 0.015625 0.015625