3 0.178125 0.071875 0.009375 0.034375
3 0.159375 0.0984375 0.009375 0.0375
3 0.296875 0.1125 0.009375 0.053125
3 0.33125 0.1609375 0.0125 0.0765625
3 0.3421875 0.1703125 0.0125 0.046875
3 0.3484375 0.171875 0.009375 0.0375
3 0.3578125 0.16875 0.0125 0.0453125
3 0.3453125 0.1375 0.0125 0.034375
3 0.403125 0.1625 0.025 0.0546875
3 0.515625 0.1453125 0.0125 0.03125
3 0.528125 0.1765625 0.01875 0.0546875
3 0.571875 0.2046875 0.015625 0.05
3 0.6109375 0.1859375 0.015625 0.0921875
3 0.60625 0.1171875 0.009375 0.0234375
3 0.646875 0.159375 0.015625 0.0734375
3 0.671875 0.215625 0.021875 0.059375
3 0.7109375 0.1421875 0.015625 0.0375
3 0.7703125 0.121875 0.0125 0.06875
3 0.7796875 0.1203125 0.0125 0.0578125
3 0.81875 0.2328125 0.01875 0.109375
3 0.8390625 0.253125 0.0171875 0.0734375
3 0.9078125 0.203125 0.0125 0.0671875
3 0.95625 0.2140625 0.015625 0.0359375
3 0.984375 0.215625 0.0203125 0.0921875
3 0.121875 0.4140625 0.0515625 0.14375
3 0.00625 0.15 0.0125 0.028125
3 0.015625 0.146875 0.009375 0.03125