1 0.534375 0.846875 0.071875 0.096875
3 0.74375 0.73125 0.071875 0.284375
3 0.05 0.1296875 0.0125 0.059375
3 0.1421875 0.1375 0.009375 0.05625
3 0.15625 0.1328125 0.009375 0.0484375
3 0.178125 0.1265625 0.015625 0.0515625
3 0.196875 0.1203125 0.009375 0.05
3 0.2078125 0.1171875 0.00625 0.04375
3 0.2203125 0.121875 0.0109375 0.05
3 0.228125 0.1234375 0.0109375 0.04375
3 0.2625 0.1125 0.0078125 0.05
3 0.26875 0.109375 0.009375 0.0484375
3 0.2765625 0.1140625 0.0078125 0.05
3 0.303125 0.1046875 0.0078125 0.05
3 0.3078125 0.1125 0.009375 0.053125
3 0.3265625 0.109375 0.0078125 0.04375
3 0.565625 0.1890625 0.025 0.0875
3 0.54375 0.196875 0.0171875 0.0546875
3 0.5921875 0.1875 0.015625 0.0671875
3 0.6453125 0.0890625 0.009375 0.028125
3 0.7125 0.1453125 0.0125 0.046875
3 0.725 0.20625 0.01875 0.1
3 0.9796875 0.1625 0.0125 0.059375
3 0.9578125 0.1640625 0.0140625 0.05
3 0.834375 0.2546875 0.025 0.0609375
3 0.8546875 0.2625 0.021875 0.071875
3 0.8578125 0.2609375 0.015625 0.090625
3 0.8875 0.253125 0.021875 0.09375
3 0.959375 0.2265625 0.01875 0.06875