3 0.490625 0.30625 0.028125 0.14375
3 0.0140625 0.11875 0.00625 0.034375
3 0.096875 0.128125 0.0109375 0.05
3 0.1546875 0.103125 0.00625 0.040625
3 0.159375 0.1046875 0.0078125 0.0421875
3 0.16875 0.103125 0.0078125 0.0421875
3 0.2609375 0.0984375 0.009375 0.04375
3 0.428125 0.121875 0.009375 0.040625
3 0.6265625 0.10625 0.0125 0.040625
3 0.8359375 0.2640625 0.01875 0.0625
3 0.8515625 0.26875 0.021875 0.059375
3 0.7375 0.1609375 0.0203125 0.065625
3 0.696875 0.18125 0.0109375 0.0734375
3 0.7078125 0.1828125 0.01875 0.071875
3 0.70625 0.1375 0.0140625 0.0328125
3 0.7625 0.1 0.009375 0.040625
3 0.7703125 0.1015625 0.009375 0.0390625