3 0.19375 0.2921875 0.0125 0.071875
3 0.3421875 0.26875 0.0125 0.05625
3 0.35 0.246875 0.009375 0.0296875
3 0.3515625 0.2875 0.0140625 0.071875
3 0.3625 0.3171875 0.01875 0.0859375
3 0.325 0.1796875 0.00625 0.0375
3 0.3390625 0.175 0.009375 0.025
3 0.3390625 0.146875 0.0078125 0.0171875
3 0.3328125 0.1546875 0.00625 0.034375
3 0.31875 0.1875 0.009375 0.0296875
3 0.2953125 0.1859375 0.009375 0.021875
3 0.44375 0.296875 0.0140625 0.06875
3 0.5046875 0.2765625 0.0109375 0.0546875
3 0.5625 0.3140625 0.009375 0.065625
3 0.6171875 0.2078125 0.009375 0.053125
3 0.6375 0.15625 0.0046875 0.025
3 0.7609375 0.1984375 0.009375 0.04375
3 0.646875 0.309375 0.0171875 0.040625
3 0.653125 0.31875 0.015625 0.084375
3 0.6328125 0.31875 0.015625 0.0828125
3 0.58125 0.265625 0.0109375 0.0765625
3 0.5859375 0.2828125 0.0125 0.065625
3 0.5640625 0.26875 0.0125 0.040625
3 0.571875 0.2703125 0.009375 0.065625
3 0.5984375 0.2859375 0.0140625 0.065625
3 0.603125 0.2765625 0.00625 0.053125
3 0.609375 0.2796875 0.009375 0.059375