3 0.8890625 0.2609375 0.0125 0.034375
3 0.321875 0.178125 0.009375 0.04375
3 0.328125 0.1734375 0.00625 0.034375
3 0.3578125 0.2453125 0.00625 0.028125
3 0.365625 0.2421875 0.009375 0.04375
3 0.321875 0.2390625 0.009375 0.053125
3 0.3296875 0.21875 0.0125 0.028125
3 0.2890625 0.2328125 0.009375 0.0234375
3 0.2953125 0.28125 0.009375 0.046875
3 0.365625 0.403125 0.01875 0.0828125
3 0.3828125 0.425 0.01875 0.0875
3 0.31875 0.328125 0.0234375 0.04375
3 0.6078125 0.38125 0.025 0.053125
3 0.6296875 0.353125 0.0203125 0.0375
3 0.63125 0.3921875 0.0140625 0.084375
3 0.740625 0.3625 0.0125 0.0828125
3 0.6734375 0.35 0.0140625 0.08125
3 0.671875 0.2984375 0.0109375 0.0453125
3 0.65 0.353125 0.021875 0.034375