3 0.9671875 0.5046875 0.065625 0.109375
3 0.9625 0.446875 0.0734375 0.11875
3 0.775 0.2359375 0.053125 0.08125
3 0.76875 0.2 0.0390625 0.0625
3 0.6328125 0.028125 0.021875 0.05625
3 0.525 0.034375 0.04375 0.0671875
3 0.390625 0.134375 0.05625 0.10625
3 0.3734375 0.253125 0.071875 0.221875
3 0.303125 0.2375 0.034375 0.08125
3 0.334375 0.29375 0.0359375 0.128125
3 0.33125 0.3765625 0.1265625 0.0765625
3 0.275 0.35 0.03125 0.0796875
3 0.296875 0.4140625 0.10625 0.13125
3 0.178125 0.5359375 0.075 0.265625
3 0.3046875 0.653125 0.0765625 0.228125
3 0.3328125 0.871875 0.11875 0.25625