3 0.1609375 0.4140625 0.01875 0.103125
3 0.146875 0.4484375 0.028125 0.125
3 0.1578125 0.371875 0.0171875 0.04375
3 0.196875 0.303125 0.015625 0.08125
3 0.19375 0.2890625 0.0125 0.075
3 0.309375 0.315625 0.0109375 0.034375
3 0.4125 0.284375 0.0140625 0.053125
3 0.571875 0.434375 0.0203125 0.0953125
3 0.6890625 0.365625 0.0171875 0.046875
3 0.64375 0.321875 0.01875 0.0875
3 0.7046875 0.3578125 0.015625 0.03125
3 0.6921875 0.34375 0.0203125 0.065625
3 0.809375 0.3015625 0.0140625 0.053125
3 0.578125 0.2890625 0.015625 0.05625
3 0.5671875 0.2265625 0.0109375 0.04375
3 0.5421875 0.1625 0.00625 0.0328125
3 0.5515625 0.1609375 0.009375 0.0375
3 0.56875 0.18125 0.0109375 0.040625
3 0.6375 0.1546875 0.00625 0.028125
3 0.6265625 0.1671875 0.00625 0.025
3 0.6125 0.153125 0.00625 0.0234375