3 0.203125 0.15 0.0078125 0.0375
3 0.209375 0.203125 0.0125 0.046875
3 0.21875 0.2109375 0.009375 0.025
3 0.2953125 0.196875 0.009375 0.0375
3 0.353125 0.271875 0.0109375 0.075
3 0.384375 0.296875 0.01875 0.078125
3 0.5140625 0.3546875 0.01875 0.053125
3 0.5328125 0.3046875 0.009375 0.0375
3 0.59375 0.409375 0.01875 0.09375
3 0.609375 0.2953125 0.0125 0.0328125
3 0.659375 0.346875 0.021875 0.0546875
3 0.6828125 0.303125 0.021875 0.05625
3 0.6734375 0.2984375 0.0125 0.04375
3 0.5453125 0.2171875 0.021875 0.040625
3 0.496875 0.128125 0.00625 0.028125
3 0.5140625 0.0953125 0.0046875 0.03125
3 0.453125 0.3015625 0.009375 0.053125
3 0.85625 0.365625 0.0125 0.0734375
3 0.8625 0.3625 0.009375 0.06875
3 0.875 0.271875 0.0109375 0.028125
3 0.834375 0.2203125 0.009375 0.034375
3 0.884375 0.253125 0.0078125 0.05
3 0.871875 0.203125 0.0078125 0.0390625
3 0.88125 0.2078125 0.0125 0.028125
3 0.89375 0.240625 0.0125 0.0375
3 0.91875 0.228125 0.0078125 0.021875
3 0.6453125 0.1578125 0.00625 0.025
3 0.7 0.1828125 0.00625 0.0375
3 0.725 0.2 0.00625 0.0375