3 0.0953125 0.9515625 0.0953125 0.096875
3 0.2109375 0.0375 0.015625 0.075
3 0.2203125 0.0359375 0.015625 0.071875
3 0.228125 0.040625 0.0140625 0.08125
3 0.2515625 0.028125 0.0125 0.0546875
3 0.2578125 0.025 0.009375 0.05
3 0.2953125 0.2734375 0.04375 0.196875
3 0.4046875 0.259375 0.065625 0.071875
3 0.38125 0.146875 0.05 0.1125
3 0.93125 0.1765625 0.03125 0.128125
3 0.8125 0.2 0.028125 0.134375
3 0.75 0.1546875 0.0421875 0.1890625
3 0.8828125 0.134375 0.021875 0.125
3 0.6578125 0.04375 0.01875 0.0859375
3 0.6703125 0.040625 0.0125 0.0796875