1 0.7171875 0.540625 0.06875 0.08125
1 0.9734375 0.5984375 0.053125 0.096875
3 0.453125 0.1578125 0.015625 0.0984375
3 0.475 0.146875 0.01875 0.1296875
3 0.2453125 0.1 0.01875 0.0625
3 0.2703125 0.184375 0.025 0.0875
3 0.365625 0.2890625 0.028125 0.165625
3 0.4015625 0.29375 0.0390625 0.16875
3 0.4078125 0.646875 0.059375 0.29375
3 0.434375 0.5078125 0.0625 0.1828125
3 0.5375 0.35 0.0515625 0.1578125
3 0.5296875 0.1953125 0.034375 0.13125
3 0.5484375 0.21875 0.0375 0.1078125
3 0.56875 0.30625 0.025 0.09375
3 0.628125 0.5234375 0.05625 0.225
3 0.878125 0.7625 0.078125 0.3265625