3 0.56875 0.778125 0.015625 0.03125
3 0.6609375 0.753125 0.015625 0.028125
3 0.8609375 0.6453125 0.0140625 0.040625
3 0.8640625 0.940625 0.028125 0.03125
3 0.975 0.4609375 0.009375 0.0234375
3 0.9546875 0.3859375 0.009375 0.028125
3 0.846875 0.3609375 0.015625 0.03125
3 0.875 0.35625 0.0140625 0.0296875
3 0.8875 0.365625 0.0125 0.028125
3 0.9671875 0.44375 0.0125 0.01875
3 0.6734375 0.29375 0.0125 0.0375
3 0.240625 0.2109375 0.0125 0.034375
3 0.971875 0.159375 0.00625 0.01875
3 0.09375 0.6125 0.01875 0.034375