3 0.215625 0.175 0.0109375 0.0328125
3 0.2046875 0.1859375 0.009375 0.028125
3 0.346875 0.2625 0.009375 0.046875
3 0.3703125 0.13125 0.0078125 0.046875
3 0.384375 0.1375 0.0078125 0.028125
3 0.3984375 0.0625 0.0078125 0.0203125
3 0.446875 0.0984375 0.00625 0.04375
3 0.4671875 0.096875 0.0109375 0.0390625
3 0.60625 0.1265625 0.009375 0.05625
3 0.6640625 0.115625 0.00625 0.0265625
3 0.690625 0.103125 0.009375 0.0390625
3 0.73125 0.1296875 0.00625 0.04375
3 0.721875 0.1234375 0.0078125 0.028125
3 0.684375 0.2796875 0.025 0.09375
3 0.7015625 0.3015625 0.028125 0.0234375
3 0.4859375 0.215625 0.0125 0.0484375
3 0.2421875 0.0734375 0.0046875 0.0203125