3 0.090625 0.5171875 0.0390625 0.09375
3 0.228125 0.1453125 0.0125 0.0421875
3 0.20625 0.18125 0.009375 0.034375
3 0.3953125 0.178125 0.00625 0.05
3 0.44375 0.2046875 0.0125 0.0625
3 0.50625 0.16875 0.009375 0.05625
3 0.55 0.175 0.0140625 0.0640625
3 0.615625 0.1515625 0.009375 0.053125
3 0.5859375 0.2265625 0.01875 0.06875
3 0.7046875 0.20625 0.0125 0.059375
3 0.378125 0.33125 0.021875 0.1078125
3 0.40625 0.4578125 0.028125 0.140625
3 0.4203125 0.3875 0.025 0.128125
3 0.73125 0.134375 0.0109375 0.0296875
3 0.4578125 0.096875 0.009375 0.040625
3 0.4796875 0.084375 0.00625 0.0375
3 0.2 0.184375 0.009375 0.0328125
3 0.471875 0.0875 0.0078125 0.034375