3 0.10625 0.296875 0.0125 0.053125
3 0.125 0.3515625 0.01875 0.0875
3 0.115625 0.2890625 0.009375 0.05
3 0.159375 0.1140625 0.00625 0.0296875
3 0.1390625 0.1265625 0.0046875 0.028125
3 0.1359375 0.1296875 0.0046875 0.0234375
3 0.25 0.1484375 0.009375 0.0484375
3 0.4625 0.08125 0.0078125 0.03125
3 0.471875 0.08125 0.00625 0.034375
3 0.4328125 0.1359375 0.009375 0.0359375
3 0.3578125 0.2234375 0.01875 0.06875
3 0.378125 0.31875 0.025 0.1125
3 0.5234375 0.3203125 0.0375 0.0875
3 0.4296875 0.390625 0.025 0.075
3 0.4453125 0.3421875 0.01875 0.103125
3 0.5 0.24375 0.01875 0.0875
3 0.51875 0.1640625 0.0125 0.0671875
3 0.528125 0.15625 0.00625 0.05625
3 0.5484375 0.1625 0.009375 0.0625
3 0.590625 0.2375 0.01875 0.090625
3 0.6265625 0.171875 0.009375 0.065625
3 0.596875 0.0953125 0.00625 0.03125
3 0.6015625 0.096875 0.00625 0.03125
3 0.65 0.125 0.009375 0.025
3 0.6890625 0.1046875 0.0078125 0.0390625
3 0.940625 0.315625 0.009375 0.0375
3 0.96875 0.2265625 0.0078125 0.028125
3 0.9625 0.221875 0.00625 0.0125
3 0.7109375 0.2703125 0.0125 0.059375
3 0.703125 0.2484375 0.01875 0.0828125
3 0.665625 0.1703125 0.0109375 0.028125
3 0.7171875 0.1015625 0.00625 0.01875