3 0.3875 0.4484375 0.028125 0.1125
3 0.15625 0.203125 0.009375 0.053125
3 0.1671875 0.203125 0.009375 0.05625
3 0.10625 0.296875 0.009375 0.0421875
3 0.328125 0.11875 0.009375 0.040625
3 0.3875 0.1296875 0.009375 0.05625
3 0.3875 0.0828125 0.0078125 0.028125
3 0.3953125 0.0671875 0.003125 0.0203125
3 0.409375 0.059375 0.00625 0.0234375
3 0.44375 0.0546875 0.009375 0.0171875
3 0.425 0.1296875 0.009375 0.0453125
3 0.54375 0.115625 0.009375 0.046875
3 0.540625 0.115625 0.009375 0.03125
3 0.5625 0.1546875 0.009375 0.053125
3 0.4671875 0.040625 0.0078125 0.025
3 0.578125 0.084375 0.00625 0.0359375
3 0.584375 0.084375 0.009375 0.0390625
3 0.734375 0.1359375 0.009375 0.034375
3 0.75 0.125 0.015625 0.025
3 0.721875 0.1171875 0.00625 0.021875
3 0.4828125 0.271875 0.015625 0.046875