3 0.9625 0.8328125 0.0640625 0.178125
3 0.89375 0.3234375 0.0140625 0.075
3 0.88125 0.309375 0.015625 0.065625
3 0.8140625 0.175 0.009375 0.0390625
3 0.75 0.125 0.015625 0.0265625
3 0.6 0.0890625 0.009375 0.0296875
3 0.5890625 0.0984375 0.009375 0.0171875
3 0.5859375 0.0828125 0.00625 0.021875
3 0.603125 0.1265625 0.009375 0.05
3 0.596875 0.1203125 0.00625 0.046875
3 0.475 0.040625 0.00625 0.0234375
3 0.3921875 0.065625 0.0078125 0.025
3 0.3984375 0.0640625 0.00625 0.0234375
3 0.3859375 0.1375 0.009375 0.04375
3 0.4203125 0.0703125 0.0078125 0.01875
3 0.28125 0.1546875 0.00625 0.0453125
3 0.26875 0.1578125 0.00625 0.040625
3 0.2125 0.175 0.00625 0.034375
3 0.396875 0.240625 0.0125 0.046875
3 0.653125 0.2828125 0.025 0.05
3 0.6796875 0.2984375 0.01875 0.04375
3 0.68125 0.2828125 0.0203125 0.040625
3 0.0578125 0.309375 0.015625 0.053125