3 0.7734375 0.46875 0.0125 0.053125
3 0.7828125 0.46875 0.009375 0.053125
3 0.646875 0.3796875 0.009375 0.046875
3 0.6578125 0.390625 0.00625 0.05
3 0.49375 0.403125 0.009375 0.0453125
3 0.040625 0.6546875 0.021875 0.0734375
3 0.0515625 0.6375 0.01875 0.075
3 0.065625 0.65 0.01875 0.053125
3 0.1625 0.4984375 0.009375 0.059375
3 0.153125 0.4265625 0.00625 0.028125
3 0.209375 0.3921875 0.00625 0.0234375
3 0.153125 0.3953125 0.00625 0.028125
3 0.234375 0.575 0.01875 0.078125
3 0.253125 0.559375 0.015625 0.09375
3 0.3140625 0.553125 0.015625 0.078125
3 0.328125 0.559375 0.021875 0.090625
3 0.10625 0.4 0.0046875 0.0203125