3 0.63125 0.5046875 0.015625 0.0921875
3 0.63125 0.44375 0.015625 0.040625
3 0.646875 0.50625 0.0171875 0.09375
3 0.6453125 0.4453125 0.0125 0.03125
3 0.640625 0.4953125 0.0109375 0.0859375
3 0.6515625 0.3515625 0.00625 0.03125
3 0.403125 0.4828125 0.0125 0.0765625
3 0.3765625 0.5 0.021875 0.0875
3 0.140625 0.4265625 0.00625 0.03125
3 0.1328125 0.428125 0.00625 0.03125
3 0.109375 0.48125 0.009375 0.0375
3 0.115625 0.471875 0.0078125 0.05
3 0.1828125 0.41875 0.0078125 0.034375
3 0.23125 0.4046875 0.0109375 0.0375