3 0.171875 0.728125 0.028125 0.0921875
3 0.05625 0.284375 0.00625 0.028125
3 0.096875 0.2640625 0.0046875 0.021875
3 0.1015625 0.2671875 0.00625 0.021875
3 0.109375 0.265625 0.00625 0.01875
3 0.140625 0.178125 0.0046875 0.01875
3 0.3265625 0.4640625 0.015625 0.0546875
3 0.7640625 0.553125 0.0125 0.034375
3 0.7375 0.534375 0.0171875 0.075
3 0.7703125 0.475 0.0125 0.078125
3 0.9484375 0.4375 0.009375 0.01875
3 0.9046875 0.428125 0.015625 0.05625
3 0.896875 0.4171875 0.0078125 0.025
3 0.903125 0.3828125 0.009375 0.021875
3 0.8921875 0.3640625 0.0078125 0.0140625
3 0.859375 0.3859375 0.0140625 0.05625
3 0.8390625 0.3765625 0.0125 0.0640625
3 0.7203125 0.4578125 0.0109375 0.06875
3 0.7171875 0.3734375 0.0109375 0.05625
3 0.75 0.3171875 0.009375 0.034375
3 0.7796875 0.3234375 0.009375 0.05625
3 0.875 0.19375 0.009375 0.0296875
3 0.728125 0.3046875 0.00625 0.01875
3 0.7140625 0.296875 0.0109375 0.0140625
3 0.7453125 0.4734375 0.009375 0.0375
3 0.73125 0.475 0.021875 0.071875
3 0.746875 0.434375 0.0109375 0.046875
3 0.765625 0.421875 0.0125 0.059375
3 0.775 0.44375 0.0125 0.071875
3 0.7609375 0.45 0.015625 0.021875
3 0.878125 0.4296875 0.0140625 0.034375
3 0.665625 0.1890625 0.0078125 0.0375
3 0.6578125 0.190625 0.00625 0.025
3 0.6890625 0.1984375 0.00625 0.01875
3 0.6515625 0.209375 0.003125 0.021875
3 0.6 0.1875 0.00625 0.028125
3 0.56875 0.2453125 0.0078125 0.0453125
3 0.39375 0.2421875 0.0078125 0.0265625
3 0.3765625 0.246875 0.00625 0.028125
3 0.3546875 0.215625 0.00625 0.0296875
3 0.359375 0.2109375 0.00625 0.03125
3 0.3625 0.2109375 0.00625 0.03125
3 0.371875 0.2078125 0.00625 0.03125
3 0.3828125 0.240625 0.00625 0.0296875
3 0.6875 0.1109375 0.00625 0.025
3 0.6078125 0.096875 0.0046875 0.015625