3 0.0484375 0.4171875 0.0109375 0.05
3 0.0875 0.275 0.00625 0.021875
3 0.096875 0.2109375 0.00625 0.021875
3 0.1375 0.178125 0.0046875 0.0234375
3 0.121875 0.353125 0.009375 0.0375
3 0.528125 0.6171875 0.0125 0.053125
3 0.503125 0.415625 0.0203125 0.0515625
3 0.5125 0.40625 0.01875 0.053125
3 0.63125 0.36875 0.0125 0.0546875
3 0.3484375 0.2421875 0.009375 0.0328125
3 0.35625 0.1046875 0.00625 0.0203125
3 0.5625 0.296875 0.009375 0.01875
3 0.5640625 0.2265625 0.00625 0.028125
3 0.5734375 0.203125 0.00625 0.0265625
3 0.590625 0.1296875 0.00625 0.03125
3 0.5953125 0.13125 0.00625 0.025
3 0.6234375 0.14375 0.00625 0.028125
3 0.646875 0.1484375 0.00625 0.03125
3 0.6765625 0.1546875 0.00625 0.0265625
3 0.753125 0.30625 0.009375 0.0546875
3 0.759375 0.3703125 0.009375 0.053125
3 0.809375 0.309375 0.0109375 0.05
3 0.8546875 0.278125 0.009375 0.03125
3 0.84375 0.384375 0.0125 0.0609375
3 0.740625 0.5640625 0.0109375 0.0359375
3 0.75625 0.5609375 0.0140625 0.034375
3 0.928125 0.4359375 0.0125 0.0453125
3 0.8875 0.4046875 0.0078125 0.0265625
3 0.91875 0.4046875 0.0078125 0.0359375
3 0.934375 0.4265625 0.009375 0.0484375
3 0.95 0.421875 0.01875 0.034375
3 0.9609375 0.415625 0.00625 0.028125
3 0.8671875 0.3703125 0.00625 0.04375
3 0.875 0.3734375 0.009375 0.040625
3 0.8640625 0.3375 0.00625 0.034375
3 0.86875 0.334375 0.00625 0.03125
3 0.934375 0.2375 0.00625 0.034375
3 0.9296875 0.2375 0.00625 0.03125