3 0.4109375 0.671875 0.0125 0.053125
3 0.434375 0.70625 0.021875 0.090625
3 0.43125 0.6359375 0.028125 0.05625
3 0.5796875 0.16875 0.00625 0.03125
3 0.98125 0.30625 0.0125 0.05
3 0.940625 0.2125 0.009375 0.0328125
3 0.8421875 0.2265625 0.009375 0.04375
3 0.85625 0.2875 0.009375 0.046875
3 0.8765625 0.290625 0.0078125 0.0375
3 0.240625 0.3484375 0.009375 0.04375
3 0.2265625 0.328125 0.0125 0.046875
3 0.328125 0.2015625 0.0078125 0.03125
3 0.1265625 0.190625 0.00625 0.025
3 0.6078125 0.090625 0.00625 0.021875