3 0.6390625 0.6265625 0.025 0.0953125
1 0.64375 0.6875 0.021875 0.05625
3 0.1328125 0.428125 0.00625 0.034375
3 0.140625 0.425 0.00625 0.034375
3 0.109375 0.43125 0.0078125 0.0328125
3 0.1421875 0.528125 0.0125 0.08125
3 0.1625 0.5 0.0109375 0.059375
3 0.19375 0.5875 0.015625 0.065625
3 0.33125 0.534375 0.0234375 0.0875
3 0.359375 0.5140625 0.021875 0.0875
3 0.546875 0.428125 0.0125 0.046875
3 0.5609375 0.4234375 0.0125 0.05625
3 0.6 0.4234375 0.009375 0.0578125
3 0.6078125 0.41875 0.009375 0.053125
3 0.796875 0.4734375 0.009375 0.046875
3 0.79375 0.465625 0.0125 0.0578125
3 0.5875 0.3265625 0.00625 0.028125
3 0.58125 0.3265625 0.00625 0.0296875